# Blender3D v249 OBJ File: cut_ball1.blend
# www.blender3d.org
mtllib cut_ball1.mtl
v 0.024033 0.004781 0.248796
v 0.000000 0.000000 0.250000
v 0.024504 0.000000 0.248796
v 0.022639 0.009377 0.248796
v 0.020375 0.013614 0.248796
v 0.017327 0.017327 0.248796
v 0.013614 0.020375 0.248796
v 0.009377 0.022639 0.248796
v 0.004781 0.024033 0.248796
v -0.000000 0.024504 0.248796
v -0.004781 0.024033 0.248796
v -0.009377 0.022639 0.248796
v -0.013614 0.020375 0.248796
v -0.017327 0.017327 0.248796
v -0.020375 0.013614 0.248796
v -0.022639 0.009377 0.248796
v -0.024033 0.004781 0.248796
v -0.024504 -0.000000 0.248796
v -0.024033 -0.004781 0.248796
v -0.022639 -0.009377 0.248796
v -0.020375 -0.013614 0.248796
v -0.017327 -0.017327 0.248796
v -0.013614 -0.020375 0.248796
v -0.009377 -0.022639 0.248796
v -0.004781 -0.024033 0.248796
v 0.000000 -0.024504 0.248796
v 0.004781 -0.024033 0.248796
v 0.009377 -0.022639 0.248796
v 0.013614 -0.020375 0.248796
v 0.017327 -0.017327 0.248796
v 0.020375 -0.013614 0.248796
v 0.022639 -0.009377 0.248796
v 0.024033 -0.004781 0.248796
v 0.230970 0.095671 0.000000
v 0.245197 0.048773 0.000000
v 0.250000 0.000000 0.000000
v -0.095671 -0.230970 0.000000
v -0.138893 -0.207868 0.000000
v -0.048773 -0.245197 0.000000
v 0.230970 -0.095671 0.000000
v 0.048773 0.245197 0.000000
v 0.095671 0.230970 0.000000
v -0.230970 0.095671 0.000000
v 0.248796 0.000000 0.024504
v 0.244016 0.048538 0.024504
v 0.240485 0.047835 0.048773
v 0.245196 0.000000 0.048773
v 0.234638 0.046672 0.072571
v 0.239235 0.000000 0.072571
v 0.226532 0.045060 0.095671
v 0.230970 0.000000 0.095671
v 0.216244 0.043014 0.117849
v 0.220480 0.000000 0.117849
v 0.203873 0.040553 0.138893
v 0.207867 0.000000 0.138893
v 0.189539 0.037702 0.158598
v 0.193252 0.000000 0.158598
v 0.173380 0.034487 0.176777
v 0.176777 0.000000 0.176777
v 0.155551 0.030941 0.193253
v 0.158598 0.000000 0.193253
v 0.136224 0.027097 0.207867
v 0.138892 0.000000 0.207867
v 0.115585 0.022991 0.220480
v 0.117849 0.000000 0.220480
v 0.093833 0.018664 0.230970
v 0.095671 0.000000 0.230970
v 0.071177 0.014158 0.239235
v 0.072571 0.000000 0.239235
v 0.047835 0.009515 0.245196
v 0.048773 0.000000 0.245196
v 0.045060 0.018664 0.245196
v 0.067047 0.027772 0.239235
v 0.088388 0.036612 0.230970
v 0.108878 0.045099 0.220480
v 0.128320 0.053152 0.207867
v 0.146526 0.060693 0.193253
v 0.163320 0.067650 0.176777
v 0.178542 0.073955 0.158598
v 0.192044 0.079547 0.138893
v 0.203697 0.084374 0.117849
v 0.213388 0.088388 0.095671
v 0.221024 0.091551 0.072571
v 0.226532 0.093833 0.048773
v 0.229858 0.095210 0.024504
v 0.206866 0.138224 0.024504
v 0.203873 0.136224 0.048773
v 0.198917 0.132912 0.072571
v 0.192044 0.128320 0.095671
v 0.183323 0.122492 0.117849
v 0.172835 0.115485 0.138893
v 0.160684 0.107365 0.158598
v 0.146984 0.098212 0.176777
v 0.131870 0.088113 0.193253
v 0.115485 0.077165 0.207867
v 0.097988 0.065473 0.220480
v 0.079547 0.053152 0.230970
v 0.060341 0.040318 0.239235
v 0.040553 0.027097 0.245196
v 0.034487 0.034487 0.245196
v 0.051316 0.051316 0.239235
v 0.067650 0.067650 0.230970
v 0.083332 0.083332 0.220480
v 0.098212 0.098212 0.207867
v 0.112146 0.112146 0.193253
v 0.125000 0.125000 0.176777
v 0.136650 0.136650 0.158598
v 0.146984 0.146984 0.138893
v 0.155903 0.155903 0.117849
v 0.163320 0.163320 0.095671
v 0.169165 0.169165 0.072571
v 0.173380 0.173380 0.048773
v 0.175925 0.175925 0.024504
v 0.138224 0.206866 0.024504
v 0.136224 0.203873 0.048773
v 0.132912 0.198917 0.072571
v 0.128320 0.192044 0.095671
v 0.122492 0.183323 0.117849
v 0.115485 0.172835 0.138893
v 0.107365 0.160684 0.158598
v 0.098212 0.146984 0.176777
v 0.088112 0.131870 0.193253
v 0.077165 0.115485 0.207867
v 0.065473 0.097988 0.220480
v 0.053152 0.079547 0.230970
v 0.040318 0.060341 0.239235
v 0.027097 0.040553 0.245196
v 0.018664 0.045060 0.245196
v 0.027772 0.067047 0.239235
v 0.036612 0.088388 0.230970
v 0.045099 0.108878 0.220480
v 0.053152 0.128320 0.207867
v 0.060693 0.146526 0.193253
v 0.067649 0.163320 0.176777
v 0.073955 0.178542 0.158598
v 0.079547 0.192044 0.138893
v 0.084374 0.203697 0.117849
v 0.088388 0.213388 0.095671
v 0.091551 0.221024 0.072571
v 0.093833 0.226532 0.048773
v 0.095210 0.229858 0.024504
v 0.048538 0.244016 0.024504
v 0.047835 0.240485 0.048773
v 0.046672 0.234638 0.072571
v 0.045060 0.226532 0.095671
v 0.043014 0.216244 0.117849
v 0.040553 0.203873 0.138893
v 0.037702 0.189539 0.158598
v 0.034487 0.173380 0.176777
v 0.030941 0.155551 0.193253
v 0.027097 0.136224 0.207867
v 0.022991 0.115585 0.220480
v 0.018664 0.093833 0.230970
v 0.014158 0.071177 0.239235
v 0.009515 0.047835 0.245196
v -0.000000 0.048773 0.245196
v -0.000000 0.072571 0.239235
v -0.000000 0.095671 0.230970
v -0.000000 0.117849 0.220480
v -0.000000 0.138893 0.207867
v -0.000000 0.158598 0.193253
v -0.000000 0.176777 0.176777
v -0.000000 0.193253 0.158598
v 0.000000 0.207867 0.138893
v -0.000000 0.220480 0.117849
v -0.000000 0.230970 0.095671
v -0.000000 0.239235 0.072571
v -0.000000 0.245196 0.048773
v -0.000000 0.248796 0.024504
v -0.048538 0.244016 0.024504
v -0.047835 0.240485 0.048773
v -0.046672 0.234638 0.072571
v -0.045060 0.226532 0.095671
v -0.043014 0.216244 0.117849
v -0.040553 0.203873 0.138893
v -0.037702 0.189539 0.158598
v -0.034487 0.173380 0.176777
v -0.030941 0.155551 0.193253
v -0.027097 0.136224 0.207867
v -0.022991 0.115585 0.220480
v -0.018664 0.093833 0.230970
v -0.014158 0.071177 0.239235
v -0.009515 0.047835 0.245196
v -0.018664 0.045060 0.245196
v -0.027772 0.067047 0.239235
v -0.036612 0.088388 0.230970
v -0.045099 0.108878 0.220480
v -0.053152 0.128320 0.207867
v -0.060693 0.146526 0.193253
v -0.067650 0.163320 0.176777
v -0.073955 0.178542 0.158598
v -0.079547 0.192044 0.138893
v -0.084374 0.203697 0.117849
v -0.088388 0.213388 0.095671
v -0.091551 0.221024 0.072571
v -0.093833 0.226532 0.048773
v -0.095210 0.229858 0.024504
v -0.138224 0.206866 0.024504
v -0.136224 0.203873 0.048773
v -0.132912 0.198917 0.072571
v -0.128320 0.192044 0.095671
v -0.122492 0.183323 0.117849
v -0.115485 0.172835 0.138893
v -0.107365 0.160684 0.158598
v -0.098212 0.146984 0.176777
v -0.088112 0.131870 0.193253
v -0.077165 0.115485 0.207867
v -0.065473 0.097988 0.220480
v -0.053152 0.079547 0.230970
v -0.040318 0.060341 0.239235
v -0.027097 0.040553 0.245196
v -0.034487 0.034487 0.245196
v -0.051316 0.051316 0.239235
v -0.067649 0.067649 0.230970
v -0.083332 0.083332 0.220480
v -0.098212 0.098212 0.207867
v -0.112146 0.112146 0.193253
v -0.125000 0.125000 0.176777
v -0.136650 0.136650 0.158598
v -0.146984 0.146984 0.138893
v -0.155903 0.155903 0.117849
v -0.163320 0.163320 0.095671
v -0.169165 0.169165 0.072571
v -0.173380 0.173380 0.048773
v -0.175925 0.175925 0.024504
v -0.206866 0.138224 0.024504
v -0.203873 0.136224 0.048773
v -0.198917 0.132912 0.072571
v -0.192044 0.128320 0.095671
v -0.183323 0.122492 0.117849
v -0.172835 0.115485 0.138893
v -0.160684 0.107365 0.158598
v -0.146984 0.098212 0.176777
v -0.131870 0.088112 0.193253
v -0.115485 0.077165 0.207867
v -0.097988 0.065473 0.220480
v -0.079547 0.053152 0.230970
v -0.060341 0.040318 0.239235
v -0.040553 0.027097 0.245196
v -0.045060 0.018664 0.245196
v -0.067047 0.027772 0.239235
v -0.088388 0.036612 0.230970
v -0.108878 0.045099 0.220480
v -0.128320 0.053152 0.207867
v -0.146526 0.060693 0.193253
v -0.163320 0.067649 0.176777
v -0.178542 0.073955 0.158598
v -0.192044 0.079547 0.138893
v -0.203697 0.084374 0.117849
v -0.213388 0.088388 0.095671
v -0.221024 0.091551 0.072571
v -0.226532 0.093833 0.048773
v -0.229858 0.095210 0.024504
v -0.244016 0.048538 0.024504
v -0.240485 0.047835 0.048773
v -0.234638 0.046672 0.072571
v -0.226532 0.045060 0.095671
v -0.216244 0.043014 0.117849
v -0.203873 0.040553 0.138893
v -0.189539 0.037702 0.158598
v -0.173380 0.034487 0.176777
v -0.155551 0.030941 0.193253
v -0.136224 0.027097 0.207867
v -0.115585 0.022991 0.220480
v -0.093833 0.018664 0.230970
v -0.071177 0.014158 0.239235
v -0.047835 0.009515 0.245196
v -0.048773 -0.000000 0.245196
v -0.072571 -0.000000 0.239235
v -0.095671 -0.000000 0.230970
v -0.117849 -0.000000 0.220480
v -0.138892 -0.000000 0.207867
v -0.158598 -0.000000 0.193253
v -0.176777 -0.000000 0.176777
v -0.193253 -0.000000 0.158598
v -0.207867 -0.000000 0.138893
v -0.220480 -0.000000 0.117849
v -0.230970 -0.000000 0.095671
v -0.239235 -0.000000 0.072571
v -0.245196 -0.000000 0.048773
v -0.248796 -0.000000 0.024504
v -0.244016 -0.048538 0.024504
v -0.240485 -0.047835 0.048773
v -0.234638 -0.046672 0.072571
v -0.226532 -0.045060 0.095671
v -0.216244 -0.043014 0.117849
v -0.203873 -0.040553 0.138893
v -0.189539 -0.037702 0.158598
v -0.173380 -0.034487 0.176777
v -0.155551 -0.030941 0.193253
v -0.136224 -0.027097 0.207867
v -0.115585 -0.022991 0.220480
v -0.093833 -0.018664 0.230970
v -0.071177 -0.014158 0.239235
v -0.047835 -0.009515 0.245196
v -0.045060 -0.018664 0.245196
v -0.067047 -0.027772 0.239235
v -0.088388 -0.036612 0.230970
v -0.108878 -0.045099 0.220480
v -0.128320 -0.053152 0.207867
v -0.146526 -0.060693 0.193253
v -0.163320 -0.067649 0.176777
v -0.178542 -0.073955 0.158598
v -0.192044 -0.079547 0.138893
v -0.203697 -0.084374 0.117849
v -0.213388 -0.088388 0.095671
v -0.221024 -0.091551 0.072571
v -0.226532 -0.093833 0.048773
v -0.229858 -0.095210 0.024504
v -0.206866 -0.138224 0.024504
v -0.203873 -0.136224 0.048773
v -0.198917 -0.132912 0.072571
v -0.192044 -0.128320 0.095671
v -0.183323 -0.122492 0.117849
v -0.172835 -0.115485 0.138893
v -0.160684 -0.107365 0.158598
v -0.146984 -0.098212 0.176777
v -0.131870 -0.088112 0.193253
v -0.115485 -0.077165 0.207867
v -0.097988 -0.065473 0.220480
v -0.079547 -0.053152 0.230970
v -0.060341 -0.040318 0.239235
v -0.040553 -0.027097 0.245196
v -0.034487 -0.034487 0.245196
v -0.051316 -0.051316 0.239235
v -0.067649 -0.067649 0.230970
v -0.083332 -0.083332 0.220480
v -0.098212 -0.098212 0.207867
v -0.112146 -0.112146 0.193253
v -0.125000 -0.125000 0.176777
v -0.136650 -0.136650 0.158598
v -0.146984 -0.146984 0.138893
v -0.155903 -0.155903 0.117849
v -0.163320 -0.163320 0.095671
v -0.169165 -0.169165 0.072571
v -0.173380 -0.173380 0.048773
v -0.175925 -0.175925 0.024504
v -0.138224 -0.206866 0.024504
v -0.136224 -0.203873 0.048773
v -0.132912 -0.198917 0.072571
v -0.128320 -0.192044 0.095671
v -0.122492 -0.183323 0.117849
v -0.115485 -0.172835 0.138893
v -0.107365 -0.160684 0.158598
v -0.098212 -0.146984 0.176777
v -0.088112 -0.131870 0.193253
v -0.077165 -0.115485 0.207867
v -0.065473 -0.097988 0.220480
v -0.053152 -0.079547 0.230970
v -0.040318 -0.060341 0.239235
v -0.027097 -0.040553 0.245196
v -0.018664 -0.045060 0.245196
v -0.027772 -0.067047 0.239235
v -0.036612 -0.088388 0.230970
v -0.045099 -0.108878 0.220480
v -0.053152 -0.128320 0.207867
v -0.060693 -0.146526 0.193253
v -0.067649 -0.163320 0.176777
v -0.073954 -0.178542 0.158598
v -0.079547 -0.192044 0.138893
v -0.084374 -0.203697 0.117849
v -0.088388 -0.213388 0.095671
v -0.091551 -0.221024 0.072571
v -0.093832 -0.226532 0.048773
v -0.095210 -0.229858 0.024504
v -0.048538 -0.244015 0.024504
v -0.047835 -0.240485 0.048773
v -0.046672 -0.234638 0.072571
v -0.045060 -0.226532 0.095671
v -0.043014 -0.216244 0.117849
v -0.040553 -0.203873 0.138893
v -0.037702 -0.189539 0.158598
v -0.034487 -0.173380 0.176777
v -0.030941 -0.155551 0.193253
v -0.027097 -0.136224 0.207867
v -0.022991 -0.115585 0.220480
v -0.018664 -0.093833 0.230970
v -0.014158 -0.071177 0.239235
v -0.009515 -0.047835 0.245196
v 0.000000 -0.048773 0.245196
v 0.000000 -0.072571 0.239235
v 0.000000 -0.095671 0.230970
v 0.000000 -0.117849 0.220480
v 0.000000 -0.138892 0.207867
v 0.000000 -0.158598 0.193253
v 0.000000 -0.176777 0.176777
v 0.000000 -0.193252 0.158598
v 0.000000 -0.207867 0.138893
v 0.000000 -0.220480 0.117849
v 0.000000 -0.230970 0.095671
v 0.000000 -0.239235 0.072571
v 0.000000 -0.245196 0.048773
v 0.000000 -0.248796 0.024504
v 0.048538 -0.244015 0.024504
v 0.047835 -0.240485 0.048773
v 0.046672 -0.234638 0.072571
v 0.045060 -0.226532 0.095671
v 0.043014 -0.216244 0.117849
v 0.040553 -0.203873 0.138893
v 0.037702 -0.189539 0.158598
v 0.034487 -0.173380 0.176777
v 0.030941 -0.155551 0.193253
v 0.027097 -0.136224 0.207867
v 0.022991 -0.115585 0.220480
v 0.018664 -0.093833 0.230970
v 0.014158 -0.071177 0.239235
v 0.009515 -0.047835 0.245196
v 0.018664 -0.045060 0.245196
v 0.027772 -0.067047 0.239235
v 0.036612 -0.088388 0.230970
v 0.045099 -0.108878 0.220480
v 0.053152 -0.128320 0.207867
v 0.060693 -0.146526 0.193253
v 0.067649 -0.163320 0.176777
v 0.073955 -0.178542 0.158598
v 0.079547 -0.192044 0.138893
v 0.084374 -0.203697 0.117849
v 0.088388 -0.213388 0.095671
v 0.091551 -0.221024 0.072571
v 0.093833 -0.226532 0.048773
v 0.095210 -0.229857 0.024504
v 0.138224 -0.206866 0.024504
v 0.136224 -0.203873 0.048773
v 0.132912 -0.198917 0.072571
v 0.128320 -0.192044 0.095671
v 0.122492 -0.183323 0.117849
v 0.115485 -0.172835 0.138893
v 0.107365 -0.160683 0.158598
v 0.098212 -0.146984 0.176777
v 0.088112 -0.131870 0.193253
v 0.077165 -0.115485 0.207867
v 0.065473 -0.097988 0.220480
v 0.053152 -0.079547 0.230970
v 0.040318 -0.060341 0.239235
v 0.027097 -0.040553 0.245196
v 0.034487 -0.034487 0.245196
v 0.051316 -0.051316 0.239235
v 0.067649 -0.067649 0.230970
v 0.083332 -0.083332 0.220480
v 0.098212 -0.098212 0.207867
v 0.112146 -0.112146 0.193253
v 0.125000 -0.125000 0.176777
v 0.136650 -0.136650 0.158598
v 0.146984 -0.146984 0.138893
v 0.155903 -0.155903 0.117849
v 0.163320 -0.163320 0.095671
v 0.169165 -0.169165 0.072571
v 0.173380 -0.173380 0.048773
v 0.175925 -0.175925 0.024504
v 0.206866 -0.138224 0.024504
v 0.203873 -0.136224 0.048773
v 0.198917 -0.132912 0.072571
v 0.192044 -0.128320 0.095671
v 0.183323 -0.122492 0.117849
v 0.172835 -0.115485 0.138893
v 0.160684 -0.107365 0.158598
v 0.146984 -0.098212 0.176777
v 0.131870 -0.088112 0.193253
v 0.115485 -0.077164 0.207867
v 0.097988 -0.065473 0.220480
v 0.079547 -0.053152 0.230970
v 0.060341 -0.040318 0.239235
v 0.040553 -0.027097 0.245196
v 0.045060 -0.018664 0.245196
v 0.067047 -0.027772 0.239235
v 0.088388 -0.036612 0.230970
v 0.108878 -0.045099 0.220480
v 0.128320 -0.053152 0.207867
v 0.146526 -0.060693 0.193253
v 0.163320 -0.067649 0.176777
v 0.178542 -0.073954 0.158598
v 0.192044 -0.079547 0.138893
v 0.203697 -0.084374 0.117849
v 0.213388 -0.088388 0.095671
v 0.221024 -0.091551 0.072571
v 0.226532 -0.093832 0.048773
v 0.229857 -0.095210 0.024504
v 0.244015 -0.048538 0.024504
v 0.240485 -0.047835 0.048773
v 0.234638 -0.046672 0.072571
v 0.226532 -0.045060 0.095671
v 0.216244 -0.043014 0.117849
v 0.203873 -0.040553 0.138893
v 0.189539 -0.037702 0.158598
v 0.173380 -0.034487 0.176777
v 0.155551 -0.030941 0.193253
v 0.136224 -0.027097 0.207867
v 0.115585 -0.022991 0.220480
v 0.093832 -0.018664 0.230970
v 0.071177 -0.014158 0.239235
v 0.047835 -0.009515 0.245196
v 0.244624 0.048659 0.011885
v 0.249416 0.000000 0.011885
v 0.230430 0.095447 0.011885
v 0.207382 0.138568 0.011885
v 0.176364 0.176364 0.011885
v 0.138568 0.207382 0.011885
v 0.095447 0.230430 0.011885
v 0.048659 0.244624 0.011885
v -0.000000 0.249416 0.011885
v -0.048659 0.244624 0.011885
v -0.095447 0.230430 0.011885
v -0.138568 0.207382 0.011885
v -0.176364 0.176364 0.011885
v -0.207382 0.138568 0.011885
v -0.230430 0.095447 0.011885
v -0.244624 0.048659 0.011885
v -0.249416 -0.000000 0.011885
v -0.244624 -0.048659 0.011885
v -0.230430 -0.095447 0.011885
v -0.207382 -0.138568 0.011885
v -0.176364 -0.176364 0.011885
v -0.138568 -0.207382 0.011885
v -0.095447 -0.230430 0.011885
v -0.048659 -0.244624 0.011885
v 0.000000 -0.249416 0.011885
v 0.048659 -0.244623 0.011885
v 0.095447 -0.230430 0.011885
v 0.138568 -0.207382 0.011885
v 0.176364 -0.176364 0.011885
v 0.207382 -0.138568 0.011885
v 0.230430 -0.095447 0.011885
v 0.244623 -0.048659 0.011885
v 0.247072 -0.049146 0.012007
v 0.251913 0.000000 0.012007
v 0.232737 -0.096403 0.012007
v 0.209458 -0.139955 0.012007
v 0.178129 -0.178129 0.012007
v 0.139955 -0.209458 0.012007
v 0.096403 -0.232737 0.012007
v 0.049146 -0.247073 0.012007
v 0.000000 -0.251913 0.012007
v -0.049146 -0.247073 0.012007
v -0.096403 -0.232737 0.012007
v -0.139955 -0.209458 0.012007
v -0.178129 -0.178129 0.012007
v -0.209458 -0.139955 0.012007
v -0.232737 -0.096403 0.012007
v -0.247073 -0.049146 0.012007
v -0.251913 -0.000000 0.012007
v -0.247073 0.049146 0.012007
v -0.232737 0.096403 0.012007
v -0.209458 0.139955 0.012007
v -0.178129 0.178129 0.012007
v -0.139955 0.209458 0.012007
v -0.096403 0.232737 0.012007
v -0.049146 0.247073 0.012007
v -0.000000 0.251913 0.012007
v 0.049146 0.247073 0.012007
v 0.096403 0.232737 0.012007
v 0.139955 0.209458 0.012007
v 0.178129 0.178129 0.012007
v 0.209458 0.139955 0.012007
v 0.232737 0.096403 0.012007
v 0.247073 0.049146 0.012007
v 0.252497 0.000000 0.000123
v 0.247645 -0.049260 0.000123
v 0.233277 -0.096626 0.000123
v 0.209943 -0.140280 0.000123
v 0.178542 -0.178542 0.000123
v 0.140280 -0.209943 0.000123
v 0.096626 -0.233277 0.000123
v 0.049260 -0.247645 0.000123
v 0.000000 -0.252497 0.000123
v -0.049260 -0.247645 0.000123
v -0.096626 -0.233277 0.000123
v -0.140280 -0.209943 0.000123
v -0.178542 -0.178542 0.000123
v -0.209943 -0.140280 0.000123
v -0.233277 -0.096626 0.000123
v -0.247645 -0.049260 0.000123
v -0.252497 -0.000000 0.000123
v -0.247645 0.049260 0.000123
v -0.233277 0.096626 0.000123
v -0.209943 0.140280 0.000123
v -0.178542 0.178542 0.000123
v -0.140280 0.209943 0.000123
v -0.096626 0.233277 0.000123
v -0.049260 0.247645 0.000123
v -0.000000 0.252497 0.000123
v 0.049260 0.247645 0.000123
v 0.096626 0.233277 0.000123
v 0.140280 0.209944 0.000123
v 0.178542 0.178542 0.000123
v 0.209944 0.140280 0.000123
v 0.233277 0.096626 0.000123
v 0.247645 0.049260 0.000123
v 0.245197 -0.048773 0.000000
v 0.207868 -0.138893 0.000000
v 0.176777 -0.176777 0.000000
v 0.138893 -0.207868 0.000000
v 0.095671 -0.230970 0.000000
v 0.048773 -0.245197 0.000000
v 0.000000 -0.250000 0.000000
v -0.176777 -0.176777 0.000000
v -0.207868 -0.138893 0.000000
v -0.230970 -0.095671 0.000000
v -0.245197 -0.048773 0.000000
v -0.250000 -0.000000 0.000000
v -0.245197 0.048773 0.000000
v -0.207868 0.138893 0.000000
v -0.176777 0.176777 0.000000
v -0.138893 0.207868 0.000000
v -0.095671 0.230970 0.000000
v -0.048773 0.245197 0.000000
v -0.000000 0.250001 0.000000
v 0.138893 0.207868 0.000000
v 0.176777 0.176777 0.000000
v 0.207868 0.138893 0.000000
v 0.008759 -0.011379 0.187278
v -0.025420 0.022326 0.187278
v 0.083526 -0.085108 0.187278
v 0.085421 -0.086035 0.185394
v 0.086604 -0.086260 0.183509
v -0.012844 0.010866 0.185393
v 0.095671 0.230970 0.000000
v 0.138893 0.207868 0.000000
v 0.048773 0.245197 0.000000
v -0.000000 0.250001 0.000000
v 0.138893 -0.207868 0.000000
v 0.095671 -0.230970 0.000000
v -0.095671 -0.230970 0.000000
v -0.048773 -0.245197 0.000000
v 0.230970 -0.095671 0.000000
v 0.245197 -0.048773 0.000000
v 0.207868 -0.138893 0.000000
v -0.230970 0.095671 0.000000
v -0.245197 0.048773 0.000000
v 0.048773 -0.245197 0.000000
v 0.000000 -0.250000 0.000000
v 0.176777 0.176777 0.000000
v 0.207868 0.138893 0.000000
v -0.207868 0.138893 0.000000
v -0.176777 0.176777 0.000000
v 0.230970 0.095671 0.000000
v -0.250000 -0.000000 0.000000
v -0.138893 -0.207868 0.000000
v -0.176777 -0.176777 0.000000
v 0.250000 0.000000 0.000000
v 0.245197 0.048773 0.000000
v -0.138893 0.207868 0.000000
v -0.048773 0.245197 0.000000
v -0.095671 0.230970 0.000000
v -0.245197 -0.048773 0.000000
v 0.176777 -0.176777 0.000000
v -0.207868 -0.138893 0.000000
v -0.230970 -0.095671 0.000000
vt 0.256295 0.241376
vt 0.252822 0.252637
vt 0.254031 0.240916
vt 0.258424 0.242271
vt 0.260338 0.243564
vt 0.261963 0.245205
vt 0.263237 0.247131
vt 0.264112 0.249268
vt 0.264553 0.251535
vt 0.264542 0.253844
vt 0.264082 0.256107
vt 0.263188 0.258236
vt 0.261897 0.260150
vt 0.260258 0.261777
vt 0.258332 0.263052
vt 0.256195 0.263928
vt 0.253928 0.264371
vt 0.251617 0.264361
vt 0.249353 0.263902
vt 0.247222 0.263008
vt 0.245306 0.261716
vt 0.243678 0.260076
vt 0.242403 0.258148
vt 0.241528 0.256009
vt 0.241088 0.253741
vt 0.241096 0.251430
vt 0.241558 0.249165
vt 0.242452 0.247035
vt 0.243744 0.245118
vt 0.245386 0.243492
vt 0.247313 0.242217
vt 0.249452 0.241344
vt 0.251721 0.240904
vt 0.145639 0.932216
vt 0.117540 0.921324
vt 0.075306 0.881623
vt 0.134175 0.523761
vt 0.189676 0.507034
vt 0.084886 0.552256
vt 0.025699 0.812483
vt 0.409516 0.899763
vt 0.360227 0.928258
vt 0.468703 0.639536
vt 0.276445 0.035916
vt 0.318113 0.045116
vt 0.311704 0.064929
vt 0.274010 0.056744
vt 0.305944 0.082934
vt 0.271842 0.075816
vt 0.300522 0.099885
vt 0.269860 0.093511
vt 0.295557 0.115560
vt 0.267992 0.109854
vt 0.290807 0.130461
vt 0.266250 0.125303
vt 0.286401 0.144495
vt 0.264671 0.140067
vt 0.282201 0.157913
vt 0.263137 0.154012
vt 0.278131 0.170850
vt 0.261711 0.167506
vt 0.274277 0.183259
vt 0.260320 0.180424
vt 0.270498 0.195349
vt 0.258976 0.192994
vt 0.266848 0.207132
vt 0.257705 0.205283
vt 0.263294 0.218682
vt 0.256469 0.217307
vt 0.259779 0.230079
vt 0.255244 0.229159
vt 0.264045 0.231873
vt 0.269714 0.221383
vt 0.275460 0.210732
vt 0.281319 0.199908
vt 0.287378 0.188817
vt 0.293560 0.177374
vt 0.300029 0.165581
vt 0.306804 0.153190
vt 0.313812 0.140270
vt 0.321310 0.126716
vt 0.329316 0.112149
vt 0.337864 0.096765
vt 0.346960 0.080184
vt 0.356956 0.062278
vt 0.391742 0.086274
vt 0.378567 0.101890
vt 0.366458 0.116408
vt 0.355108 0.129846
vt 0.344481 0.142458
vt 0.334489 0.154335
vt 0.325094 0.165668
vt 0.316054 0.176438
vt 0.307453 0.186756
vt 0.299133 0.196795
vt 0.291037 0.206482
vt 0.283187 0.215968
vt 0.275481 0.225283
vt 0.267879 0.234465
vt 0.271132 0.237754
vt 0.280376 0.230232
vt 0.289745 0.222601
vt 0.299284 0.214822
vt 0.309079 0.206913
vt 0.319177 0.198712
vt 0.329681 0.190209
vt 0.340620 0.181421
vt 0.352029 0.172129
vt 0.364136 0.162419
vt 0.376997 0.152121
vt 0.390735 0.141133
vt 0.405547 0.129205
vt 0.421445 0.116519
vt 0.444355 0.151907
vt 0.426275 0.161339
vt 0.409559 0.170116
vt 0.394154 0.178178
vt 0.379523 0.185799
vt 0.365763 0.192978
vt 0.352772 0.199879
vt 0.340335 0.206385
vt 0.328409 0.212651
vt 0.316950 0.218720
vt 0.305764 0.224601
vt 0.294887 0.230379
vt 0.284212 0.236038
vt 0.273682 0.241612
vt 0.275431 0.245893
vt 0.286842 0.242478
vt 0.298415 0.239007
vt 0.310210 0.235457
vt 0.322309 0.231874
vt 0.334777 0.228125
vt 0.347641 0.224291
vt 0.361102 0.220325
vt 0.375170 0.216074
vt 0.390025 0.211701
vt 0.405779 0.207077
vt 0.422550 0.202037
vt 0.440558 0.196603
vt 0.460001 0.190714
vt 0.468358 0.231923
vt 0.448003 0.233994
vt 0.429262 0.235894
vt 0.411659 0.237610
vt 0.395355 0.239125
vt 0.379948 0.240553
vt 0.365330 0.242007
vt 0.351368 0.243284
vt 0.337912 0.244553
vt 0.324991 0.245804
vt 0.312462 0.246976
vt 0.300193 0.248158
vt 0.288165 0.249305
vt 0.276311 0.250431
vt 0.276290 0.255053
vt 0.288129 0.256255
vt 0.300153 0.257483
vt 0.312382 0.258702
vt 0.324931 0.259982
vt 0.337907 0.261286
vt 0.351312 0.262669
vt 0.365278 0.264117
vt 0.379929 0.265526
vt 0.395379 0.267109
vt 0.411807 0.268773
vt 0.429155 0.270458
vt 0.447983 0.272220
vt 0.468329 0.274090
vt 0.460701 0.315630
vt 0.440825 0.309803
vt 0.422581 0.304428
vt 0.405689 0.299412
vt 0.389904 0.294589
vt 0.375039 0.290035
vt 0.360927 0.285808
vt 0.347495 0.281673
vt 0.334614 0.277720
vt 0.322168 0.273909
vt 0.310089 0.270200
vt 0.298305 0.266623
vt 0.286758 0.263072
vt 0.275370 0.259583
vt 0.273583 0.263847
vt 0.284081 0.269496
vt 0.294713 0.275226
vt 0.305586 0.281042
vt 0.316736 0.287064
vt 0.328200 0.293214
vt 0.340046 0.299561
vt 0.352428 0.306248
vt 0.365461 0.313156
vt 0.379170 0.320532
vt 0.393737 0.328354
vt 0.409374 0.336585
vt 0.426230 0.345410
vt 0.444515 0.354917
vt 0.421201 0.390780
vt 0.404946 0.377696
vt 0.390079 0.365656
vt 0.376319 0.354477
vt 0.363545 0.343929
vt 0.351534 0.333997
vt 0.340095 0.324662
vt 0.329261 0.315680
vt 0.318829 0.307132
vt 0.308768 0.298869
vt 0.299036 0.290794
vt 0.289508 0.282968
vt 0.280185 0.275262
vt 0.270999 0.267681
vt 0.267716 0.270938
vt 0.275253 0.280173
vt 0.282887 0.289545
vt 0.290704 0.299080
vt 0.298669 0.308895
vt 0.306932 0.318964
vt 0.315507 0.329393
vt 0.324378 0.340327
vt 0.333769 0.351729
vt 0.343595 0.363835
vt 0.354031 0.376701
vt 0.365290 0.390389
vt 0.377418 0.405136
vt 0.390797 0.421522
vt 0.354712 0.445090
vt 0.345110 0.426647
vt 0.336149 0.409756
vt 0.327820 0.394106
vt 0.320124 0.379439
vt 0.312868 0.365639
vt 0.305893 0.352617
vt 0.299331 0.340157
vt 0.292955 0.328250
vt 0.286814 0.316760
vt 0.280918 0.305580
vt 0.275113 0.294702
vt 0.269452 0.284033
vt 0.263860 0.273490
vt 0.259582 0.275249
vt 0.263002 0.286671
vt 0.266484 0.298245
vt 0.270054 0.310046
vt 0.273654 0.322162
vt 0.277437 0.334631
vt 0.281367 0.347554
vt 0.285370 0.361053
vt 0.289663 0.375183
vt 0.294078 0.390125
vt 0.298749 0.405999
vt 0.303837 0.422957
vt 0.309284 0.441247
vt 0.315052 0.461147
vt 0.273308 0.468991
vt 0.271489 0.448474
vt 0.269685 0.429551
vt 0.267986 0.411970
vt 0.266489 0.395513
vt 0.265066 0.380010
vt 0.263606 0.365321
vt 0.262310 0.351303
vt 0.260974 0.337862
vt 0.259696 0.324892
vt 0.258527 0.312307
vt 0.257327 0.300037
vt 0.256168 0.288002
vt 0.255042 0.276139
vt 0.250415 0.276118
vt 0.249208 0.287973
vt 0.247993 0.300010
vt 0.246781 0.312277
vt 0.245475 0.324847
vt 0.244198 0.337824
vt 0.242891 0.351270
vt 0.241436 0.365272
vt 0.240016 0.379961
vt 0.238408 0.395439
vt 0.236697 0.411865
vt 0.234980 0.429425
vt 0.233126 0.448316
vt 0.231015 0.468786
vt 0.189522 0.460437
vt 0.195517 0.440787
vt 0.200961 0.422613
vt 0.206025 0.405717
vt 0.210877 0.389929
vt 0.215452 0.375051
vt 0.219695 0.360914
vt 0.223843 0.347458
vt 0.227736 0.334525
vt 0.231548 0.322019
vt 0.235268 0.309958
vt 0.238847 0.298162
vt 0.242381 0.286607
vt 0.245878 0.275204
vt 0.241608 0.273415
vt 0.235955 0.283917
vt 0.230236 0.294570
vt 0.224420 0.305448
vt 0.218400 0.316594
vt 0.212244 0.328065
vt 0.205896 0.340006
vt 0.199205 0.352409
vt 0.192291 0.365463
vt 0.184913 0.379187
vt 0.177093 0.393759
vt 0.168867 0.409389
vt 0.160050 0.426213
vt 0.150448 0.444437
vt 0.114956 0.421040
vt 0.127891 0.405002
vt 0.139819 0.390154
vt 0.150952 0.376381
vt 0.161480 0.363583
vt 0.171405 0.351539
vt 0.180741 0.340067
vt 0.189729 0.329199
vt 0.198282 0.318724
vt 0.206607 0.308625
vt 0.214664 0.298899
vt 0.222488 0.289364
vt 0.230177 0.280025
vt 0.237770 0.270827
vt 0.234510 0.267540
vt 0.225267 0.275081
vt 0.215901 0.282744
vt 0.206362 0.290574
vt 0.196546 0.298564
vt 0.186413 0.306812
vt 0.175969 0.315426
vt 0.165021 0.324340
vt 0.153608 0.333779
vt 0.141494 0.343666
vt 0.128625 0.354182
vt 0.114925 0.365545
vt 0.100124 0.377832
vt 0.084280 0.390955
vt 0.060202 0.355270
vt 0.078547 0.345466
vt 0.095435 0.336395
vt 0.111100 0.327965
vt 0.125792 0.320182
vt 0.139619 0.312856
vt 0.152669 0.305828
vt 0.165159 0.299222
vt 0.177093 0.292812
vt 0.188644 0.286707
vt 0.199841 0.280784
vt 0.210731 0.274963
vt 0.221415 0.269273
vt 0.231954 0.263680
vt 0.230202 0.259396
vt 0.218771 0.262823
vt 0.207177 0.266318
vt 0.195355 0.269902
vt 0.183212 0.273524
vt 0.170685 0.277253
vt 0.157722 0.281207
vt 0.144174 0.285244
vt 0.129994 0.289585
vt 0.114994 0.294065
vt 0.099058 0.298827
vt 0.082052 0.304039
vt 0.063737 0.309661
vt 0.043857 0.315764
vt 0.035559 0.273705
vt 0.056199 0.271592
vt 0.075249 0.269657
vt 0.092947 0.267871
vt 0.109511 0.266322
vt 0.125105 0.264865
vt 0.139868 0.263383
vt 0.153950 0.262075
vt 0.167443 0.260733
vt 0.180461 0.259526
vt 0.193082 0.258348
vt 0.205380 0.257143
vt 0.217435 0.255978
vt 0.229321 0.254853
vt 0.229335 0.250224
vt 0.217462 0.249004
vt 0.205410 0.247793
vt 0.193112 0.246571
vt 0.180502 0.245257
vt 0.167495 0.243893
vt 0.153996 0.242567
vt 0.139925 0.241090
vt 0.125149 0.239650
vt 0.109562 0.238022
vt 0.093000 0.236294
vt 0.075268 0.234571
vt 0.056156 0.232724
vt 0.035391 0.230717
vt 0.043793 0.188494
vt 0.063782 0.194561
vt 0.082182 0.200138
vt 0.099249 0.205315
vt 0.115162 0.210265
vt 0.130137 0.214922
vt 0.144349 0.219232
vt 0.157863 0.223439
vt 0.170844 0.227384
vt 0.183334 0.231269
vt 0.195445 0.235024
vt 0.207268 0.238628
vt 0.218851 0.242171
vt 0.230253 0.245686
vt 0.232049 0.241418
vt 0.221548 0.235741
vt 0.210881 0.230002
vt 0.199991 0.224157
vt 0.188849 0.218104
vt 0.177361 0.211849
vt 0.165404 0.205437
vt 0.152975 0.198662
vt 0.139882 0.191645
vt 0.126108 0.184136
vt 0.111471 0.176153
vt 0.095747 0.167717
vt 0.078796 0.158625
vt 0.060390 0.148743
vt 0.084497 0.113019
vt 0.100602 0.126328
vt 0.115436 0.138584
vt 0.129195 0.149955
vt 0.141978 0.160663
vt 0.154008 0.170732
vt 0.165469 0.180183
vt 0.176327 0.189263
vt 0.186794 0.197893
vt 0.196834 0.206275
vt 0.206575 0.214389
vt 0.216111 0.222250
vt 0.225450 0.229962
vt 0.234635 0.237579
vt 0.237923 0.234317
vt 0.230403 0.225058
vt 0.222753 0.215672
vt 0.214940 0.206100
vt 0.206977 0.196240
vt 0.198776 0.186058
vt 0.190205 0.175549
vt 0.181342 0.164519
vt 0.171963 0.153007
vt 0.162150 0.140773
vt 0.151727 0.127761
vt 0.140483 0.113897
vt 0.128362 0.098929
vt 0.115204 0.082623
vt 0.151360 0.059129
vt 0.160983 0.077651
vt 0.169889 0.094680
vt 0.178170 0.110464
vt 0.185823 0.125255
vt 0.193036 0.139165
vt 0.199969 0.152283
vt 0.206493 0.164826
vt 0.212836 0.176804
vt 0.218883 0.188386
vt 0.224762 0.199609
vt 0.230551 0.210519
vt 0.236219 0.221216
vt 0.241787 0.231769
vt 0.246071 0.230016
vt 0.242671 0.218585
vt 0.239203 0.206991
vt 0.235659 0.195163
vt 0.232089 0.183016
vt 0.228426 0.170485
vt 0.224553 0.157508
vt 0.220615 0.143944
vt 0.216391 0.129737
vt 0.212049 0.114703
vt 0.207448 0.098719
vt 0.202420 0.081643
vt 0.197000 0.063237
vt 0.191109 0.043264
vt 0.233422 0.035362
vt 0.235214 0.056143
vt 0.236879 0.075260
vt 0.238437 0.092978
vt 0.239804 0.109512
vt 0.241114 0.125071
vt 0.242471 0.139817
vt 0.243679 0.153866
vt 0.244936 0.167343
vt 0.246081 0.180331
vt 0.247211 0.192932
vt 0.248373 0.205223
vt 0.249509 0.217266
vt 0.250615 0.229132
vt 0.321523 0.034647
vt 0.277730 0.024818
vt 0.362389 0.052608
vt 0.399062 0.077547
vt 0.430146 0.109500
vt 0.454089 0.146836
vt 0.470538 0.187506
vt 0.479379 0.230767
vt 0.479297 0.275075
vt 0.471142 0.318681
vt 0.454379 0.360093
vt 0.429974 0.397880
vt 0.398181 0.430580
vt 0.359925 0.455022
vt 0.318228 0.471962
vt 0.274260 0.479644
vt 0.229852 0.479899
vt 0.186267 0.471046
vt 0.145248 0.454275
vt 0.107968 0.429708
vt 0.075311 0.398405
vt 0.050298 0.360584
vt 0.033047 0.319098
vt 0.024385 0.274869
vt 0.024127 0.229664
vt 0.032950 0.185229
vt 0.050402 0.143404
vt 0.075746 0.105822
vt 0.108041 0.073794
vt 0.146178 0.049155
vt 0.187884 0.032403
vt 0.232422 0.024105
vt 0.231909 0.018057
vt 0.278404 0.019109
vt 0.186468 0.026704
vt 0.143520 0.044012
vt 0.104215 0.069035
vt 0.071321 0.101859
vt 0.045263 0.140369
vt 0.027312 0.183267
vt 0.018215 0.228869
vt 0.018474 0.275230
vt 0.027341 0.320579
vt 0.045192 0.363299
vt 0.070639 0.402308
vt 0.104139 0.434144
vt 0.142331 0.459318
vt 0.184615 0.476483
vt 0.229277 0.485803
vt 0.274764 0.485267
vt 0.319875 0.477720
vt 0.362566 0.460120
vt 0.402038 0.435322
vt 0.434468 0.401750
vt 0.459483 0.363010
vt 0.476728 0.320549
vt 0.485055 0.275839
vt 0.485204 0.230408
vt 0.476091 0.186066
vt 0.459107 0.144253
vt 0.434829 0.105776
vt 0.402942 0.073269
vt 0.365148 0.047641
vt 0.323392 0.028970
vt 0.279834 0.007255
vt 0.231034 0.006621
vt 0.183260 0.015508
vt 0.138108 0.033525
vt 0.097029 0.059959
vt 0.062316 0.094316
vt 0.035000 0.134773
vt 0.016143 0.179800
vt 0.006518 0.227687
vt 0.006970 0.276321
vt 0.016239 0.323883
vt 0.034655 0.368927
vt 0.061774 0.409692
vt 0.096899 0.443126
vt 0.136990 0.469416
vt 0.181249 0.487558
vt 0.228085 0.497052
vt 0.275792 0.496931
vt 0.323090 0.488707
vt 0.368003 0.470577
vt 0.409349 0.444318
vt 0.443670 0.409151
vt 0.469575 0.368318
vt 0.487920 0.323837
vt 0.496255 0.276959
vt 0.496757 0.229244
vt 0.486716 0.182782
vt 0.469413 0.138908
vt 0.443651 0.098791
vt 0.410380 0.064514
vt 0.370824 0.037521
vt 0.327024 0.018271
vt 0.280621 0.000842
vt 0.329106 0.012048
vt 0.230459 0.000000
vt 0.181206 0.009339
vt 0.135160 0.027799
vt 0.093152 0.054714
vt 0.057426 0.089925
vt 0.029346 0.131426
vt 0.009939 0.177628
vt 0.016064 0.631804
vt 0.045015 0.590008
vt 0.000000 0.693734
vt 0.000000 0.671481
vt 0.000000 0.226808
vt 0.004028 0.733326
vt 0.000335 0.276994
vt 0.011491 0.787726
vt 0.010094 0.325988
vt 0.052567 0.862678
vt 0.028953 0.371950
vt 0.056616 0.413690
vt 0.092785 0.448318
vt 0.134239 0.475198
vt 0.179419 0.493601
vt 0.374355 0.533540
vt 0.419097 0.570395
vt 0.305514 0.509419
vt 0.330797 0.511528
vt 0.227207 0.503358
vt 0.276096 0.503358
vt 0.324617 0.495013
vt 0.370766 0.476526
vt 0.413314 0.449616
vt 0.448672 0.413430
vt 0.475410 0.371344
vt 0.494018 0.325606
vt 0.481010 0.822198
vt 0.449388 0.862010
vt 0.494403 0.758284
vt 0.488481 0.796845
vt 0.502665 0.277559
vt 0.490375 0.718692
vt 0.503041 0.228603
vt 0.482912 0.664292
vt 0.492831 0.180925
vt 0.441836 0.589340
vt 0.474999 0.136050
vt 0.304726 0.944984
vt 0.448794 0.095033
vt 0.414717 0.059759
vt 0.188888 0.942599
vt 0.374175 0.032008
vt 0.246719 0.948660
vt 0.247684 0.503358
vt 0.914308 0.883978
vt 0.872959 0.905755
vt 0.875802 0.911407
vt 0.971767 0.835199
vt 0.949666 0.860185
vt 0.946601 0.856524
vt 0.968501 0.832595
vt 0.499317 0.747699
vt 0.499947 0.711739
vt 0.495416 0.711543
vt 0.540765 0.607250
vt 0.573396 0.568930
vt 0.577682 0.573992
vt 0.545563 0.611217
vt 0.583468 0.886858
vt 0.549533 0.857644
vt 0.545522 0.861923
vt 0.523801 0.823143
vt 0.519156 0.826305
vt 0.911985 0.576017
vt 0.946888 0.612548
vt 0.951750 0.608224
vt 0.502531 0.679074
vt 0.517889 0.646983
vt 0.522210 0.649772
vt 0.506675 0.680529
vt 0.825695 0.921183
vt 0.774989 0.926288
vt 0.775339 0.933102
vt 0.827511 0.927614
vt 0.972269 0.653009
vt 0.977514 0.649898
vt 0.988356 0.693893
vt 0.993666 0.692061
vt 0.721218 0.933102
vt 0.721931 0.926277
vt 0.869159 0.543570
vt 0.916188 0.570627
vt 0.618030 0.541673
vt 0.665969 0.520887
vt 0.663460 0.514472
vt 0.624756 0.909853
vt 0.580333 0.892049
vt 0.670088 0.928611
vt 0.671597 0.922306
vt 0.994775 0.734132
vt 1.000000 0.733532
vt 0.622375 0.915718
vt 0.614473 0.535782
vt 0.986616 0.807119
vt 0.982525 0.805531
vt 0.917615 0.888792
vt 0.992347 0.772106
vt 0.997192 0.772633
vt 0.822320 0.516959
vt 0.872670 0.537434
vt 0.820166 0.523603
vt 0.507040 0.785656
vt 0.494403 0.748486
vt 0.502087 0.787621
vt 0.717018 0.510254
vt 0.769450 0.510927
vt 0.769884 0.503923
vt 0.715880 0.503358
vn 0.049067 0.004832 0.998784
vn 0.047182 0.014312 0.998784
vn 0.043483 0.023242 0.998784
vn 0.038113 0.031279 0.998784
vn 0.031278 0.038113 0.998784
vn 0.023242 0.043483 0.998784
vn 0.014312 0.047182 0.998784
vn 0.004833 0.049067 0.998784
vn -0.004833 0.049067 0.998784
vn -0.014312 0.047182 0.998784
vn -0.023242 0.043483 0.998784
vn -0.031279 0.038113 0.998784
vn -0.038113 0.031278 0.998784
vn -0.043483 0.023242 0.998784
vn -0.047182 0.014312 0.998784
vn -0.049067 0.004833 0.998784
vn -0.049067 -0.004833 0.998784
vn -0.047182 -0.014312 0.998784
vn -0.043483 -0.023242 0.998784
vn -0.038113 -0.031279 0.998784
vn -0.031279 -0.038113 0.998784
vn -0.023242 -0.043483 0.998784
vn -0.014312 -0.047182 0.998784
vn -0.004833 -0.049067 0.998784
vn 0.004833 -0.049067 0.998784
vn 0.014312 -0.047182 0.998784
vn 0.023242 -0.043483 0.998784
vn 0.031279 -0.038113 0.998784
vn 0.038113 -0.031279 0.998784
vn 0.043483 -0.023242 0.998784
vn 0.047182 -0.014312 0.998784
vn 0.049067 -0.004833 0.998784
vn 0.000000 0.000000 -1.000000
vn 0.984516 0.096961 0.146039
vn 0.965635 0.095102 0.241878
vn 0.937522 0.092334 0.335451
vn 0.900428 0.088681 0.425870
vn 0.854684 0.084175 0.512279
vn 0.800707 0.078859 0.593844
vn 0.738987 0.072781 0.669777
vn 0.670095 0.065996 0.739336
vn 0.594677 0.058568 0.801829
vn 0.513445 0.050568 0.856631
vn 0.427177 0.042071 0.903189
vn 0.336705 0.033161 0.941026
vn 0.242910 0.023924 0.969754
vn 0.146716 0.014450 0.989073
vn 0.141077 0.042795 0.989073
vn 0.233575 0.070854 0.969754
vn 0.323766 0.098213 0.941026
vn 0.410760 0.124603 0.903189
vn 0.493713 0.149766 0.856631
vn 0.571824 0.173461 0.801829
vn 0.644343 0.195459 0.739336
vn 0.710587 0.215554 0.669778
vn 0.769935 0.233557 0.593844
vn 0.821839 0.249302 0.512278
vn 0.865825 0.262645 0.425870
vn 0.901493 0.273465 0.335451
vn 0.928525 0.281665 0.241879
vn 0.946681 0.287173 0.146039
vn 0.872466 0.466343 0.146039
vn 0.855734 0.457399 0.241879
vn 0.830821 0.444083 0.335451
vn 0.797949 0.426513 0.425870
vn 0.757411 0.404845 0.512278
vn 0.709576 0.379277 0.593844
vn 0.654881 0.350041 0.669778
vn 0.593830 0.317409 0.739336
vn 0.526996 0.281685 0.801829
vn 0.455009 0.243207 0.856631
vn 0.378559 0.202344 0.903189
vn 0.298384 0.159490 0.941026
vn 0.215264 0.115061 0.969754
vn 0.130017 0.069496 0.989073
vn 0.113961 0.093526 0.989073
vn 0.188681 0.154846 0.969754
vn 0.261536 0.214637 0.941026
vn 0.331810 0.272309 0.903189
vn 0.398819 0.327302 0.856631
vn 0.461916 0.379085 0.801828
vn 0.520496 0.427161 0.739336
vn 0.574008 0.471076 0.669778
vn 0.621949 0.510421 0.593844
vn 0.663876 0.544830 0.512278
vn 0.699408 0.573989 0.425870
vn 0.728220 0.597635 0.335451
vn 0.750057 0.615556 0.241879
vn 0.764723 0.627592 0.146039
vn 0.627592 0.764723 0.146039
vn 0.615556 0.750057 0.241878
vn 0.597635 0.728221 0.335451
vn 0.573989 0.699408 0.425870
vn 0.544829 0.663877 0.512278
vn 0.510421 0.621949 0.593843
vn 0.471076 0.574008 0.669778
vn 0.427160 0.520496 0.739336
vn 0.379084 0.461916 0.801828
vn 0.327302 0.398819 0.856631
vn 0.272309 0.331810 0.903189
vn 0.214637 0.261536 0.941026
vn 0.154846 0.188681 0.969754
vn 0.093526 0.113961 0.989073
vn 0.069496 0.130018 0.989073
vn 0.115061 0.215264 0.969754
vn 0.159490 0.298384 0.941026
vn 0.202344 0.378559 0.903189
vn 0.243207 0.455009 0.856631
vn 0.281685 0.526996 0.801829
vn 0.317409 0.593830 0.739336
vn 0.350041 0.654881 0.669778
vn 0.379277 0.709577 0.593843
vn 0.404844 0.757411 0.512278
vn 0.426512 0.797949 0.425870
vn 0.444083 0.830821 0.335451
vn 0.457399 0.855734 0.241878
vn 0.466343 0.872466 0.146039
vn 0.287172 0.946681 0.146039
vn 0.281665 0.928526 0.241878
vn 0.273465 0.901493 0.335451
vn 0.262645 0.865825 0.425870
vn 0.249302 0.821839 0.512278
vn 0.233557 0.769936 0.593843
vn 0.215554 0.710587 0.669778
vn 0.195459 0.644343 0.739336
vn 0.173461 0.571824 0.801828
vn 0.149766 0.493713 0.856631
vn 0.124603 0.410760 0.903189
vn 0.098213 0.323766 0.941026
vn 0.070854 0.233575 0.969754
vn 0.042795 0.141077 0.989073
vn 0.014450 0.146715 0.989073
vn 0.023924 0.242910 0.969754
vn 0.033162 0.336705 0.941026
vn 0.042073 0.427177 0.903189
vn 0.050570 0.513445 0.856631
vn 0.058570 0.594677 0.801828
vn 0.065998 0.670094 0.739336
vn 0.072784 0.738986 0.669778
vn 0.078862 0.800706 0.593843
vn 0.084179 0.854684 0.512278
vn 0.088684 0.900428 0.425870
vn 0.092338 0.937521 0.335451
vn 0.095107 0.965634 0.241878
vn 0.096966 0.984515 0.146039
vn -0.096967 0.984515 0.146039
vn -0.095107 0.965634 0.241878
vn -0.092338 0.937521 0.335451
vn -0.088685 0.900428 0.425870
vn -0.084179 0.854684 0.512278
vn -0.078863 0.800706 0.593843
vn -0.072784 0.738986 0.669778
vn -0.065999 0.670094 0.739336
vn -0.058571 0.594677 0.801829
vn -0.050570 0.513445 0.856631
vn -0.042073 0.427177 0.903189
vn -0.033163 0.336705 0.941026
vn -0.023925 0.242910 0.969754
vn -0.014450 0.146715 0.989073
vn -0.042795 0.141077 0.989073
vn -0.070854 0.233575 0.969754
vn -0.098213 0.323766 0.941026
vn -0.124603 0.410760 0.903189
vn -0.149766 0.493713 0.856631
vn -0.173461 0.571824 0.801829
vn -0.195459 0.644343 0.739336
vn -0.215554 0.710587 0.669777
vn -0.233558 0.769936 0.593843
vn -0.249302 0.821839 0.512279
vn -0.262645 0.865825 0.425870
vn -0.273465 0.901493 0.335451
vn -0.281665 0.928525 0.241878
vn -0.287173 0.946681 0.146039
vn -0.466343 0.872466 0.146039
vn -0.457400 0.855734 0.241878
vn -0.444083 0.830821 0.335451
vn -0.426513 0.797949 0.425869
vn -0.404845 0.757411 0.512279
vn -0.379277 0.709577 0.593843
vn -0.350041 0.654881 0.669777
vn -0.317409 0.593830 0.739336
vn -0.281685 0.526996 0.801829
vn -0.243207 0.455009 0.856631
vn -0.202344 0.378559 0.903189
vn -0.159490 0.298384 0.941026
vn -0.115061 0.215264 0.969754
vn -0.069496 0.130018 0.989073
vn -0.093526 0.113961 0.989073
vn -0.154846 0.188681 0.969754
vn -0.214637 0.261536 0.941026
vn -0.272309 0.331810 0.903189
vn -0.327302 0.398819 0.856631
vn -0.379084 0.461916 0.801829
vn -0.427160 0.520496 0.739336
vn -0.471077 0.574008 0.669777
vn -0.510421 0.621949 0.593843
vn -0.544829 0.663876 0.512279
vn -0.573990 0.699408 0.425869
vn -0.597635 0.728220 0.335451
vn -0.615556 0.750057 0.241879
vn -0.627592 0.764723 0.146039
vn -0.764723 0.627592 0.146039
vn -0.750057 0.615556 0.241879
vn -0.728221 0.597635 0.335451
vn -0.699408 0.573989 0.425869
vn -0.663876 0.544829 0.512279
vn -0.621949 0.510421 0.593843
vn -0.574008 0.471076 0.669777
vn -0.520496 0.427160 0.739336
vn -0.461916 0.379084 0.801829
vn -0.398819 0.327302 0.856631
vn -0.331810 0.272309 0.903189
vn -0.261536 0.214637 0.941026
vn -0.188681 0.154846 0.969754
vn -0.113961 0.093526 0.989073
vn -0.130018 0.069496 0.989073
vn -0.215264 0.115061 0.969754
vn -0.298384 0.159490 0.941026
vn -0.378559 0.202344 0.903189
vn -0.455009 0.243207 0.856631
vn -0.526996 0.281685 0.801829
vn -0.593830 0.317409 0.739336
vn -0.654881 0.350041 0.669778
vn -0.709577 0.379277 0.593843
vn -0.757411 0.404845 0.512278
vn -0.797949 0.426512 0.425869
vn -0.830821 0.444083 0.335451
vn -0.855734 0.457399 0.241879
vn -0.872466 0.466343 0.146039
vn -0.946681 0.287172 0.146039
vn -0.928526 0.281665 0.241879
vn -0.901493 0.273465 0.335451
vn -0.865825 0.262645 0.425869
vn -0.821839 0.249302 0.512278
vn -0.769936 0.233557 0.593843
vn -0.710587 0.215554 0.669778
vn -0.644343 0.195459 0.739336
vn -0.571823 0.173460 0.801829
vn -0.493714 0.149766 0.856631
vn -0.410760 0.124603 0.903189
vn -0.323766 0.098213 0.941026
vn -0.233575 0.070854 0.969754
vn -0.141077 0.042795 0.989073
vn -0.146715 0.014450 0.989073
vn -0.242910 0.023924 0.969754
vn -0.336705 0.033162 0.941026
vn -0.427177 0.042073 0.903189
vn -0.513445 0.050570 0.856631
vn -0.594676 0.058570 0.801829
vn -0.670095 0.065998 0.739336
vn -0.738986 0.072784 0.669778
vn -0.800707 0.078863 0.593843
vn -0.854684 0.084179 0.512278
vn -0.900428 0.088684 0.425869
vn -0.937521 0.092338 0.335451
vn -0.965634 0.095106 0.241879
vn -0.984515 0.096966 0.146039
vn -0.984515 -0.096967 0.146039
vn -0.965634 -0.095107 0.241879
vn -0.937521 -0.092338 0.335451
vn -0.900428 -0.088685 0.425869
vn -0.854684 -0.084179 0.512278
vn -0.800706 -0.078863 0.593843
vn -0.738986 -0.072784 0.669778
vn -0.670095 -0.065999 0.739336
vn -0.594677 -0.058571 0.801829
vn -0.513445 -0.050570 0.856631
vn -0.427177 -0.042073 0.903189
vn -0.336705 -0.033163 0.941026
vn -0.242910 -0.023925 0.969754
vn -0.146715 -0.014450 0.989073
vn -0.141077 -0.042795 0.989073
vn -0.233575 -0.070854 0.969754
vn -0.323766 -0.098213 0.941026
vn -0.410760 -0.124603 0.903189
vn -0.493714 -0.149767 0.856631
vn -0.571824 -0.173461 0.801829
vn -0.644343 -0.195459 0.739336
vn -0.710587 -0.215554 0.669778
vn -0.769936 -0.233558 0.593843
vn -0.821839 -0.249302 0.512279
vn -0.865825 -0.262645 0.425869
vn -0.901493 -0.273465 0.335451
vn -0.928525 -0.281666 0.241879
vn -0.946681 -0.287173 0.146039
vn -0.872466 -0.466343 0.146039
vn -0.855734 -0.457400 0.241878
vn -0.830821 -0.444083 0.335451
vn -0.797949 -0.426513 0.425869
vn -0.757411 -0.404845 0.512279
vn -0.709577 -0.379277 0.593843
vn -0.654881 -0.350041 0.669777
vn -0.593830 -0.317409 0.739336
vn -0.526996 -0.281685 0.801829
vn -0.455009 -0.243208 0.856631
vn -0.378559 -0.202344 0.903189
vn -0.298384 -0.159490 0.941026
vn -0.215264 -0.115061 0.969754
vn -0.130018 -0.069496 0.989073
vn -0.113961 -0.093526 0.989073
vn -0.188681 -0.154846 0.969754
vn -0.261536 -0.214637 0.941026
vn -0.331810 -0.272309 0.903189
vn -0.398819 -0.327302 0.856631
vn -0.461916 -0.379085 0.801828
vn -0.520496 -0.427160 0.739336
vn -0.574008 -0.471077 0.669777
vn -0.621949 -0.510421 0.593843
vn -0.663876 -0.544829 0.512279
vn -0.699408 -0.573989 0.425869
vn -0.728220 -0.597635 0.335450
vn -0.750057 -0.615556 0.241878
vn -0.764723 -0.627592 0.146039
vn -0.627592 -0.764723 0.146039
vn -0.615556 -0.750057 0.241878
vn -0.597635 -0.728221 0.335450
vn -0.573989 -0.699408 0.425869
vn -0.544829 -0.663876 0.512279
vn -0.510420 -0.621949 0.593843
vn -0.471076 -0.574008 0.669777
vn -0.427160 -0.520497 0.739336
vn -0.379084 -0.461916 0.801828
vn -0.327302 -0.398819 0.856631
vn -0.272309 -0.331810 0.903189
vn -0.214637 -0.261536 0.941026
vn -0.154846 -0.188681 0.969754
vn -0.093526 -0.113961 0.989073
vn -0.069496 -0.130018 0.989073
vn -0.115061 -0.215264 0.969754
vn -0.159490 -0.298384 0.941026
vn -0.202344 -0.378559 0.903189
vn -0.243207 -0.455009 0.856631
vn -0.281685 -0.526996 0.801829
vn -0.317409 -0.593830 0.739336
vn -0.350041 -0.654881 0.669777
vn -0.379276 -0.709577 0.593843
vn -0.404844 -0.757411 0.512279
vn -0.426512 -0.797949 0.425869
vn -0.444083 -0.830821 0.335450
vn -0.457399 -0.855734 0.241878
vn -0.466343 -0.872466 0.146039
vn -0.287172 -0.946681 0.146039
vn -0.281665 -0.928526 0.241877
vn -0.273465 -0.901493 0.335450
vn -0.262645 -0.865825 0.425869
vn -0.249302 -0.821838 0.512280
vn -0.233557 -0.769936 0.593843
vn -0.215554 -0.710588 0.669777
vn -0.195459 -0.644343 0.739336
vn -0.173461 -0.571824 0.801829
vn -0.149766 -0.493714 0.856631
vn -0.124603 -0.410761 0.903189
vn -0.098213 -0.323766 0.941026
vn -0.070854 -0.233575 0.969754
vn -0.042795 -0.141077 0.989073
vn -0.014450 -0.146715 0.989073
vn -0.023925 -0.242910 0.969754
vn -0.033162 -0.336705 0.941026
vn -0.042073 -0.427177 0.903189
vn -0.050570 -0.513445 0.856631
vn -0.058570 -0.594677 0.801829
vn -0.065998 -0.670095 0.739336
vn -0.072784 -0.738987 0.669777
vn -0.078863 -0.800706 0.593844
vn -0.084179 -0.854683 0.512279
vn -0.088684 -0.900428 0.425869
vn -0.092337 -0.937522 0.335450
vn -0.095106 -0.965635 0.241877
vn -0.096966 -0.984515 0.146039
vn 0.096967 -0.984515 0.146039
vn 0.095107 -0.965635 0.241877
vn 0.092338 -0.937522 0.335450
vn 0.088685 -0.900428 0.425869
vn 0.084179 -0.854683 0.512279
vn 0.078863 -0.800706 0.593844
vn 0.072784 -0.738987 0.669777
vn 0.065999 -0.670095 0.739336
vn 0.058571 -0.594677 0.801829
vn 0.050570 -0.513445 0.856631
vn 0.042073 -0.427177 0.903189
vn 0.033163 -0.336705 0.941026
vn 0.023925 -0.242910 0.969754
vn 0.014450 -0.146715 0.989073
vn 0.042795 -0.141077 0.989073
vn 0.070854 -0.233575 0.969754
vn 0.098213 -0.323766 0.941026
vn 0.124603 -0.410760 0.903189
vn 0.149767 -0.493714 0.856631
vn 0.173461 -0.571824 0.801828
vn 0.195460 -0.644343 0.739336
vn 0.215555 -0.710588 0.669777
vn 0.233558 -0.769935 0.593844
vn 0.249302 -0.821838 0.512280
vn 0.262646 -0.865825 0.425869
vn 0.273465 -0.901493 0.335451
vn 0.281665 -0.928526 0.241877
vn 0.287173 -0.946681 0.146039
vn 0.466343 -0.872466 0.146039
vn 0.457400 -0.855734 0.241877
vn 0.444083 -0.830821 0.335451
vn 0.426513 -0.797949 0.425869
vn 0.404844 -0.757410 0.512280
vn 0.379277 -0.709576 0.593844
vn 0.350042 -0.654882 0.669777
vn 0.317409 -0.593830 0.739336
vn 0.281685 -0.526996 0.801828
vn 0.243208 -0.455009 0.856631
vn 0.202344 -0.378559 0.903189
vn 0.159490 -0.298384 0.941026
vn 0.115061 -0.215264 0.969754
vn 0.069496 -0.130018 0.989073
vn 0.093526 -0.113961 0.989073
vn 0.154846 -0.188681 0.969754
vn 0.214637 -0.261536 0.941026
vn 0.272309 -0.331810 0.903189
vn 0.327302 -0.398819 0.856631
vn 0.379084 -0.461916 0.801829
vn 0.427161 -0.520497 0.739336
vn 0.471077 -0.574008 0.669777
vn 0.510421 -0.621949 0.593844
vn 0.544829 -0.663876 0.512280
vn 0.573990 -0.699408 0.425869
vn 0.597635 -0.728220 0.335451
vn 0.615556 -0.750057 0.241877
vn 0.627592 -0.764723 0.146039
vn 0.764723 -0.627592 0.146039
vn 0.750058 -0.615556 0.241876
vn 0.728221 -0.597635 0.335451
vn 0.699409 -0.573989 0.425869
vn 0.663876 -0.544829 0.512280
vn 0.621949 -0.510420 0.593844
vn 0.574009 -0.471077 0.669777
vn 0.520497 -0.427160 0.739336
vn 0.461916 -0.379084 0.801829
vn 0.398819 -0.327302 0.856631
vn 0.331810 -0.272309 0.903189
vn 0.261536 -0.214637 0.941026
vn 0.188681 -0.154846 0.969754
vn 0.113961 -0.093526 0.989073
vn 0.130018 -0.069496 0.989073
vn 0.215264 -0.115061 0.969754
vn 0.298384 -0.159490 0.941026
vn 0.378559 -0.202344 0.903189
vn 0.455009 -0.243207 0.856631
vn 0.526996 -0.281685 0.801828
vn 0.593830 -0.317409 0.739336
vn 0.654882 -0.350041 0.669777
vn 0.709577 -0.379276 0.593844
vn 0.757411 -0.404844 0.512279
vn 0.797949 -0.426512 0.425869
vn 0.830821 -0.444082 0.335451
vn 0.855735 -0.457399 0.241876
vn 0.872466 -0.466343 0.146039
vn 0.946681 -0.287172 0.146039
vn 0.928526 -0.281665 0.241877
vn 0.901493 -0.273464 0.335451
vn 0.865825 -0.262645 0.425869
vn 0.821839 -0.249302 0.512279
vn 0.769936 -0.233557 0.593844
vn 0.710588 -0.215554 0.669777
vn 0.644343 -0.195459 0.739336
vn 0.571824 -0.173461 0.801829
vn 0.493714 -0.149766 0.856631
vn 0.410761 -0.124603 0.903189
vn 0.323766 -0.098213 0.941026
vn 0.233576 -0.070854 0.969754
vn 0.141077 -0.042795 0.989073
vn 0.146716 -0.014450 0.989073
vn 0.242910 -0.023924 0.969754
vn 0.336705 -0.033162 0.941026
vn 0.427177 -0.042073 0.903189
vn 0.513445 -0.050570 0.856631
vn 0.594677 -0.058570 0.801829
vn 0.670095 -0.065998 0.739336
vn 0.738987 -0.072784 0.669777
vn 0.800706 -0.078862 0.593844
vn 0.854684 -0.084179 0.512279
vn 0.900428 -0.088684 0.425869
vn 0.937521 -0.092337 0.335451
vn 0.965635 -0.095106 0.241877
vn 0.984515 -0.096966 0.146039
vn 0.993998 0.097895 0.048833
vn 0.955799 0.289939 0.048832
vn 0.880869 0.470834 0.048832
vn 0.772088 0.633637 0.048832
vn 0.633636 0.772088 0.048832
vn 0.470834 0.880869 0.048832
vn 0.289938 0.955799 0.048831
vn 0.097900 0.993998 0.048831
vn -0.097900 0.993998 0.048831
vn -0.289938 0.955799 0.048831
vn -0.470835 0.880869 0.048831
vn -0.633637 0.772088 0.048831
vn -0.772088 0.633636 0.048831
vn -0.880869 0.470834 0.048831
vn -0.955799 0.289938 0.048831
vn -0.993998 0.097900 0.048831
vn -0.993997 -0.097900 0.048832
vn -0.955799 -0.289939 0.048832
vn -0.880869 -0.470835 0.048832
vn -0.772088 -0.633637 0.048832
vn -0.633636 -0.772088 0.048833
vn -0.470834 -0.880869 0.048833
vn -0.289938 -0.955799 0.048833
vn -0.097900 -0.993997 0.048833
vn 0.097900 -0.993997 0.048833
vn 0.289939 -0.955799 0.048833
vn 0.470835 -0.880869 0.048833
vn 0.633637 -0.772088 0.048833
vn 0.772088 -0.633636 0.048833
vn 0.880869 -0.470834 0.048833
vn 0.955799 -0.289938 0.048833
vn 0.993997 -0.097900 0.048833
vn -0.049068 0.004833 0.998784
vn -0.038114 0.031279 0.998784
vn -0.014312 0.047181 0.998784
vn -0.004833 0.049066 0.998784
vn 0.004833 0.049066 0.998784
vn 0.014312 0.047181 0.998784
vn 0.023242 0.043482 0.998784
vn 0.031279 0.038113 0.998784
vn 0.043482 0.023242 0.998784
vn 0.047181 0.014312 0.998784
vn 0.049066 0.004833 0.998784
vn 0.049066 -0.004833 0.998784
vn 0.047180 -0.014312 0.998784
vn 0.043482 -0.023242 0.998784
vn 0.038112 -0.031278 0.998784
vn 0.031278 -0.038112 0.998784
vn 0.023242 -0.043482 0.998784
vn 0.014312 -0.047181 0.998784
vn 0.004833 -0.049066 0.998784
vn -0.004833 -0.049066 0.998784
vn -0.014312 -0.047180 0.998784
vn -0.023241 -0.043481 0.998784
vn -0.031278 -0.038112 0.998784
vn -0.038112 -0.031278 0.998784
vn -0.043482 -0.023242 0.998784
vn -0.047181 -0.014312 0.998784
vn -0.049068 -0.004833 0.998784
vn 0.993998 -0.097900 0.048832
vn 0.955799 -0.289938 0.048832
vn 0.633637 -0.772088 0.048832
vn 0.470835 -0.880869 0.048832
vn 0.289938 -0.955799 0.048832
vn 0.097901 -0.993997 0.048832
vn -0.097900 -0.993998 0.048832
vn -0.289938 -0.955799 0.048831
vn -0.470834 -0.880869 0.048831
vn -0.633636 -0.772089 0.048832
vn -0.955799 -0.289938 0.048831
vn -0.993998 -0.097901 0.048830
vn -0.993998 0.097900 0.048830
vn -0.772089 0.633636 0.048831
vn -0.097901 0.993997 0.048832
vn 0.097900 0.993998 0.048832
vn 0.470834 0.880869 0.048831
vn 0.633636 0.772088 0.048831
vn 0.772088 0.633636 0.048831
vn 0.880869 0.470835 0.048831
vn 0.955799 0.289938 0.048832
vn 0.993998 0.097896 0.048832
vn 0.049067 0.004832 -0.998784
vn 0.049067 -0.004833 -0.998784
vn 0.047182 -0.014312 -0.998784
vn 0.043483 -0.023242 -0.998784
vn 0.038113 -0.031279 -0.998784
vn 0.031279 -0.038113 -0.998784
vn 0.023242 -0.043483 -0.998784
vn 0.014312 -0.047181 -0.998784
vn 0.004833 -0.049066 -0.998784
vn -0.004833 -0.049066 -0.998784
vn -0.014312 -0.047181 -0.998784
vn -0.023242 -0.043482 -0.998784
vn -0.031279 -0.038113 -0.998784
vn -0.038113 -0.031279 -0.998784
vn -0.043482 -0.023242 -0.998784
vn -0.047181 -0.014312 -0.998784
vn -0.049066 -0.004833 -0.998784
vn -0.049066 0.004833 -0.998784
vn -0.047180 0.014312 -0.998784
vn -0.043482 0.023242 -0.998784
vn -0.038112 0.031278 -0.998784
vn -0.031278 0.038112 -0.998784
vn -0.023242 0.043482 -0.998784
vn -0.014312 0.047181 -0.998784
vn -0.004833 0.049066 -0.998784
vn 0.004833 0.049066 -0.998784
vn 0.014312 0.047180 -0.998784
vn 0.023241 0.043482 -0.998784
vn 0.031278 0.038112 -0.998784
vn 0.038112 0.031278 -0.998784
vn 0.043482 0.023242 -0.998784
vn 0.047182 0.014312 -0.998784
vn 0.000000 0.000000 0.000000
usemtl None_cut_ball1.jpg
s off
f 1/1/1 2/2/1 3/3/1
f 2/2/2 1/1/2 4/4/2
f 5/5/3 2/2/3 4/4/3
f 6/6/4 2/2/4 5/5/4
f 7/7/5 2/2/5 6/6/5
f 8/8/6 2/2/6 7/7/6
f 9/9/7 2/2/7 8/8/7
f 10/10/8 2/2/8 9/9/8
f 11/11/9 2/2/9 10/10/9
f 12/12/10 2/2/10 11/11/10
f 13/13/11 2/2/11 12/12/11
f 14/14/12 2/2/12 13/13/12
f 15/15/13 2/2/13 14/14/13
f 16/16/14 2/2/14 15/15/14
f 17/17/15 2/2/15 16/16/15
f 18/18/16 2/2/16 17/17/16
f 19/19/17 2/2/17 18/18/17
f 20/20/18 2/2/18 19/19/18
f 21/21/19 2/2/19 20/20/19
f 22/22/20 2/2/20 21/21/20
f 23/23/21 2/2/21 22/22/21
f 24/24/22 2/2/22 23/23/22
f 25/25/23 2/2/23 24/24/23
f 26/26/24 2/2/24 25/25/24
f 27/27/25 2/2/25 26/26/25
f 28/28/26 2/2/26 27/27/26
f 29/29/27 2/2/27 28/28/27
f 30/30/28 2/2/28 29/29/28
f 31/31/29 2/2/29 30/30/29
f 32/32/30 2/2/30 31/31/30
f 33/33/31 2/2/31 32/32/31
f 3/3/32 2/2/32 33/33/32
f 34/34/33 35/35/33 36/36/33
f 37/37/33 38/38/33 36/36/33
f 39/39/33 37/37/33 40/40/33
f 41/41/33 42/42/33 43/43/33
f 44/44/34 45/45/34 46/46/34 47/47/34
f 47/47/35 46/46/35 48/48/35 49/49/35
f 49/49/36 48/48/36 50/50/36 51/51/36
f 51/51/37 50/50/37 52/52/37 53/53/37
f 53/53/38 52/52/38 54/54/38 55/55/38
f 55/55/39 54/54/39 56/56/39 57/57/39
f 57/57/40 56/56/40 58/58/40 59/59/40
f 59/59/41 58/58/41 60/60/41 61/61/41
f 61/61/42 60/60/42 62/62/42 63/63/42
f 63/63/43 62/62/43 64/64/43 65/65/43
f 65/65/44 64/64/44 66/66/44 67/67/44
f 67/67/45 66/66/45 68/68/45 69/69/45
f 69/69/46 68/68/46 70/70/46 71/71/46
f 1/1/47 3/3/47 71/71/47 70/70/47
f 4/4/48 1/1/48 70/70/48 72/72/48
f 68/68/49 73/73/49 72/72/49 70/70/49
f 66/66/50 74/74/50 73/73/50 68/68/50
f 64/64/51 75/75/51 74/74/51 66/66/51
f 62/62/52 76/76/52 75/75/52 64/64/52
f 60/60/53 77/77/53 76/76/53 62/62/53
f 58/58/54 78/78/54 77/77/54 60/60/54
f 56/56/55 79/79/55 78/78/55 58/58/55
f 54/54/56 80/80/56 79/79/56 56/56/56
f 52/52/57 81/81/57 80/80/57 54/54/57
f 50/50/58 82/82/58 81/81/58 52/52/58
f 48/48/59 83/83/59 82/82/59 50/50/59
f 46/46/60 84/84/60 83/83/60 48/48/60
f 45/45/61 85/85/61 84/84/61 46/46/61
f 85/85/62 86/86/62 87/87/62 84/84/62
f 84/84/63 87/87/63 88/88/63 83/83/63
f 83/83/64 88/88/64 89/89/64 82/82/64
f 82/82/65 89/89/65 90/90/65 81/81/65
f 81/81/66 90/90/66 91/91/66 80/80/66
f 80/80/67 91/91/67 92/92/67 79/79/67
f 79/79/68 92/92/68 93/93/68 78/78/68
f 78/78/69 93/93/69 94/94/69 77/77/69
f 77/77/70 94/94/70 95/95/70 76/76/70
f 76/76/71 95/95/71 96/96/71 75/75/71
f 75/75/72 96/96/72 97/97/72 74/74/72
f 74/74/73 97/97/73 98/98/73 73/73/73
f 73/73/74 98/98/74 99/99/74 72/72/74
f 72/72/75 99/99/75 5/5/75 4/4/75
f 99/99/76 100/100/76 6/6/76 5/5/76
f 98/98/77 101/101/77 100/100/77 99/99/77
f 97/97/78 102/102/78 101/101/78 98/98/78
f 96/96/79 103/103/79 102/102/79 97/97/79
f 95/95/80 104/104/80 103/103/80 96/96/80
f 94/94/81 105/105/81 104/104/81 95/95/81
f 93/93/82 106/106/82 105/105/82 94/94/82
f 92/92/83 107/107/83 106/106/83 93/93/83
f 91/91/84 108/108/84 107/107/84 92/92/84
f 90/90/85 109/109/85 108/108/85 91/91/85
f 89/89/86 110/110/86 109/109/86 90/90/86
f 88/88/87 111/111/87 110/110/87 89/89/87
f 87/87/88 112/112/88 111/111/88 88/88/88
f 86/86/89 113/113/89 112/112/89 87/87/89
f 113/113/90 114/114/90 115/115/90 112/112/90
f 112/112/91 115/115/91 116/116/91 111/111/91
f 111/111/92 116/116/92 117/117/92 110/110/92
f 110/110/93 117/117/93 118/118/93 109/109/93
f 109/109/94 118/118/94 119/119/94 108/108/94
f 108/108/95 119/119/95 120/120/95 107/107/95
f 107/107/96 120/120/96 121/121/96 106/106/96
f 106/106/97 121/121/97 122/122/97 105/105/97
f 105/105/98 122/122/98 123/123/98 104/104/98
f 104/104/99 123/123/99 124/124/99 103/103/99
f 103/103/100 124/124/100 125/125/100 102/102/100
f 102/102/101 125/125/101 126/126/101 101/101/101
f 101/101/102 126/126/102 127/127/102 100/100/102
f 100/100/103 127/127/103 7/7/103 6/6/103
f 127/127/104 128/128/104 8/8/104 7/7/104
f 126/126/105 129/129/105 128/128/105 127/127/105
f 125/125/106 130/130/106 129/129/106 126/126/106
f 124/124/107 131/131/107 130/130/107 125/125/107
f 123/123/108 132/132/108 131/131/108 124/124/108
f 122/122/109 133/133/109 132/132/109 123/123/109
f 121/121/110 134/134/110 133/133/110 122/122/110
f 120/120/111 135/135/111 134/134/111 121/121/111
f 119/119/112 136/136/112 135/135/112 120/120/112
f 118/118/113 137/137/113 136/136/113 119/119/113
f 117/117/114 138/138/114 137/137/114 118/118/114
f 116/116/115 139/139/115 138/138/115 117/117/115
f 115/115/116 140/140/116 139/139/116 116/116/116
f 114/114/117 141/141/117 140/140/117 115/115/117
f 141/141/118 142/142/118 143/143/118 140/140/118
f 140/140/119 143/143/119 144/144/119 139/139/119
f 139/139/120 144/144/120 145/145/120 138/138/120
f 138/138/121 145/145/121 146/146/121 137/137/121
f 137/137/122 146/146/122 147/147/122 136/136/122
f 136/136/123 147/147/123 148/148/123 135/135/123
f 135/135/124 148/148/124 149/149/124 134/134/124
f 134/134/125 149/149/125 150/150/125 133/133/125
f 133/133/126 150/150/126 151/151/126 132/132/126
f 132/132/127 151/151/127 152/152/127 131/131/127
f 131/131/128 152/152/128 153/153/128 130/130/128
f 130/130/129 153/153/129 154/154/129 129/129/129
f 129/129/130 154/154/130 155/155/130 128/128/130
f 128/128/131 155/155/131 9/9/131 8/8/131
f 155/155/132 156/156/132 10/10/132 9/9/132
f 154/154/133 157/157/133 156/156/133 155/155/133
f 153/153/134 158/158/134 157/157/134 154/154/134
f 152/152/135 159/159/135 158/158/135 153/153/135
f 151/151/136 160/160/136 159/159/136 152/152/136
f 150/150/137 161/161/137 160/160/137 151/151/137
f 149/149/138 162/162/138 161/161/138 150/150/138
f 148/148/139 163/163/139 162/162/139 149/149/139
f 147/147/140 164/164/140 163/163/140 148/148/140
f 146/146/141 165/165/141 164/164/141 147/147/141
f 145/145/142 166/166/142 165/165/142 146/146/142
f 144/144/143 167/167/143 166/166/143 145/145/143
f 143/143/144 168/168/144 167/167/144 144/144/144
f 142/142/145 169/169/145 168/168/145 143/143/145
f 169/169/146 170/170/146 171/171/146 168/168/146
f 168/168/147 171/171/147 172/172/147 167/167/147
f 167/167/148 172/172/148 173/173/148 166/166/148
f 166/166/149 173/173/149 174/174/149 165/165/149
f 165/165/150 174/174/150 175/175/150 164/164/150
f 164/164/151 175/175/151 176/176/151 163/163/151
f 163/163/152 176/176/152 177/177/152 162/162/152
f 162/162/153 177/177/153 178/178/153 161/161/153
f 161/161/154 178/178/154 179/179/154 160/160/154
f 160/160/155 179/179/155 180/180/155 159/159/155
f 159/159/156 180/180/156 181/181/156 158/158/156
f 158/158/157 181/181/157 182/182/157 157/157/157
f 157/157/158 182/182/158 183/183/158 156/156/158
f 156/156/159 183/183/159 11/11/159 10/10/159
f 183/183/160 184/184/160 12/12/160 11/11/160
f 182/182/161 185/185/161 184/184/161 183/183/161
f 181/181/162 186/186/162 185/185/162 182/182/162
f 180/180/163 187/187/163 186/186/163 181/181/163
f 179/179/164 188/188/164 187/187/164 180/180/164
f 178/178/165 189/189/165 188/188/165 179/179/165
f 177/177/166 190/190/166 189/189/166 178/178/166
f 176/176/167 191/191/167 190/190/167 177/177/167
f 175/175/168 192/192/168 191/191/168 176/176/168
f 174/174/169 193/193/169 192/192/169 175/175/169
f 173/173/170 194/194/170 193/193/170 174/174/170
f 172/172/171 195/195/171 194/194/171 173/173/171
f 171/171/172 196/196/172 195/195/172 172/172/172
f 170/170/173 197/197/173 196/196/173 171/171/173
f 197/197/174 198/198/174 199/199/174 196/196/174
f 196/196/175 199/199/175 200/200/175 195/195/175
f 195/195/176 200/200/176 201/201/176 194/194/176
f 194/194/177 201/201/177 202/202/177 193/193/177
f 193/193/178 202/202/178 203/203/178 192/192/178
f 192/192/179 203/203/179 204/204/179 191/191/179
f 191/191/180 204/204/180 205/205/180 190/190/180
f 190/190/181 205/205/181 206/206/181 189/189/181
f 189/189/182 206/206/182 207/207/182 188/188/182
f 188/188/183 207/207/183 208/208/183 187/187/183
f 187/187/184 208/208/184 209/209/184 186/186/184
f 186/186/185 209/209/185 210/210/185 185/185/185
f 185/185/186 210/210/186 211/211/186 184/184/186
f 184/184/187 211/211/187 13/13/187 12/12/187
f 211/211/188 212/212/188 14/14/188 13/13/188
f 210/210/189 213/213/189 212/212/189 211/211/189
f 209/209/190 214/214/190 213/213/190 210/210/190
f 208/208/191 215/215/191 214/214/191 209/209/191
f 207/207/192 216/216/192 215/215/192 208/208/192
f 206/206/193 217/217/193 216/216/193 207/207/193
f 205/205/194 218/218/194 217/217/194 206/206/194
f 204/204/195 219/219/195 218/218/195 205/205/195
f 203/203/196 220/220/196 219/219/196 204/204/196
f 202/202/197 221/221/197 220/220/197 203/203/197
f 201/201/198 222/222/198 221/221/198 202/202/198
f 200/200/199 223/223/199 222/222/199 201/201/199
f 199/199/200 224/224/200 223/223/200 200/200/200
f 198/198/201 225/225/201 224/224/201 199/199/201
f 225/225/202 226/226/202 227/227/202 224/224/202
f 224/224/203 227/227/203 228/228/203 223/223/203
f 223/223/204 228/228/204 229/229/204 222/222/204
f 222/222/205 229/229/205 230/230/205 221/221/205
f 221/221/206 230/230/206 231/231/206 220/220/206
f 220/220/207 231/231/207 232/232/207 219/219/207
f 219/219/208 232/232/208 233/233/208 218/218/208
f 218/218/209 233/233/209 234/234/209 217/217/209
f 217/217/210 234/234/210 235/235/210 216/216/210
f 216/216/211 235/235/211 236/236/211 215/215/211
f 215/215/212 236/236/212 237/237/212 214/214/212
f 214/214/213 237/237/213 238/238/213 213/213/213
f 213/213/214 238/238/214 239/239/214 212/212/214
f 212/212/215 239/239/215 15/15/215 14/14/215
f 239/239/216 240/240/216 16/16/216 15/15/216
f 238/238/217 241/241/217 240/240/217 239/239/217
f 237/237/218 242/242/218 241/241/218 238/238/218
f 236/236/219 243/243/219 242/242/219 237/237/219
f 235/235/220 244/244/220 243/243/220 236/236/220
f 234/234/221 245/245/221 244/244/221 235/235/221
f 233/233/222 246/246/222 245/245/222 234/234/222
f 232/232/223 247/247/223 246/246/223 233/233/223
f 231/231/224 248/248/224 247/247/224 232/232/224
f 230/230/225 249/249/225 248/248/225 231/231/225
f 229/229/226 250/250/226 249/249/226 230/230/226
f 228/228/227 251/251/227 250/250/227 229/229/227
f 227/227/228 252/252/228 251/251/228 228/228/228
f 226/226/229 253/253/229 252/252/229 227/227/229
f 253/253/230 254/254/230 255/255/230 252/252/230
f 252/252/231 255/255/231 256/256/231 251/251/231
f 251/251/232 256/256/232 257/257/232 250/250/232
f 250/250/233 257/257/233 258/258/233 249/249/233
f 249/249/234 258/258/234 259/259/234 248/248/234
f 248/248/235 259/259/235 260/260/235 247/247/235
f 247/247/236 260/260/236 261/261/236 246/246/236
f 246/246/237 261/261/237 262/262/237 245/245/237
f 245/245/238 262/262/238 263/263/238 244/244/238
f 244/244/239 263/263/239 264/264/239 243/243/239
f 243/243/240 264/264/240 265/265/240 242/242/240
f 242/242/241 265/265/241 266/266/241 241/241/241
f 241/241/242 266/266/242 267/267/242 240/240/242
f 240/240/243 267/267/243 17/17/243 16/16/243
f 267/267/244 268/268/244 18/18/244 17/17/244
f 266/266/245 269/269/245 268/268/245 267/267/245
f 265/265/246 270/270/246 269/269/246 266/266/246
f 264/264/247 271/271/247 270/270/247 265/265/247
f 263/263/248 272/272/248 271/271/248 264/264/248
f 262/262/249 273/273/249 272/272/249 263/263/249
f 261/261/250 274/274/250 273/273/250 262/262/250
f 260/260/251 275/275/251 274/274/251 261/261/251
f 259/259/252 276/276/252 275/275/252 260/260/252
f 258/258/253 277/277/253 276/276/253 259/259/253
f 257/257/254 278/278/254 277/277/254 258/258/254
f 256/256/255 279/279/255 278/278/255 257/257/255
f 255/255/256 280/280/256 279/279/256 256/256/256
f 254/254/257 281/281/257 280/280/257 255/255/257
f 281/281/258 282/282/258 283/283/258 280/280/258
f 280/280/259 283/283/259 284/284/259 279/279/259
f 279/279/260 284/284/260 285/285/260 278/278/260
f 278/278/261 285/285/261 286/286/261 277/277/261
f 277/277/262 286/286/262 287/287/262 276/276/262
f 276/276/263 287/287/263 288/288/263 275/275/263
f 275/275/264 288/288/264 289/289/264 274/274/264
f 274/274/265 289/289/265 290/290/265 273/273/265
f 273/273/266 290/290/266 291/291/266 272/272/266
f 272/272/267 291/291/267 292/292/267 271/271/267
f 271/271/268 292/292/268 293/293/268 270/270/268
f 270/270/269 293/293/269 294/294/269 269/269/269
f 269/269/270 294/294/270 295/295/270 268/268/270
f 268/268/271 295/295/271 19/19/271 18/18/271
f 295/295/272 296/296/272 20/20/272 19/19/272
f 294/294/273 297/297/273 296/296/273 295/295/273
f 293/293/274 298/298/274 297/297/274 294/294/274
f 292/292/275 299/299/275 298/298/275 293/293/275
f 291/291/276 300/300/276 299/299/276 292/292/276
f 290/290/277 301/301/277 300/300/277 291/291/277
f 289/289/278 302/302/278 301/301/278 290/290/278
f 288/288/279 303/303/279 302/302/279 289/289/279
f 287/287/280 304/304/280 303/303/280 288/288/280
f 286/286/281 305/305/281 304/304/281 287/287/281
f 285/285/282 306/306/282 305/305/282 286/286/282
f 284/284/283 307/307/283 306/306/283 285/285/283
f 283/283/284 308/308/284 307/307/284 284/284/284
f 282/282/285 309/309/285 308/308/285 283/283/285
f 309/309/286 310/310/286 311/311/286 308/308/286
f 308/308/287 311/311/287 312/312/287 307/307/287
f 307/307/288 312/312/288 313/313/288 306/306/288
f 306/306/289 313/313/289 314/314/289 305/305/289
f 305/305/290 314/314/290 315/315/290 304/304/290
f 304/304/291 315/315/291 316/316/291 303/303/291
f 303/303/292 316/316/292 317/317/292 302/302/292
f 302/302/293 317/317/293 318/318/293 301/301/293
f 301/301/294 318/318/294 319/319/294 300/300/294
f 300/300/295 319/319/295 320/320/295 299/299/295
f 299/299/296 320/320/296 321/321/296 298/298/296
f 298/298/297 321/321/297 322/322/297 297/297/297
f 297/297/298 322/322/298 323/323/298 296/296/298
f 296/296/299 323/323/299 21/21/299 20/20/299
f 323/323/300 324/324/300 22/22/300 21/21/300
f 322/322/301 325/325/301 324/324/301 323/323/301
f 321/321/302 326/326/302 325/325/302 322/322/302
f 320/320/303 327/327/303 326/326/303 321/321/303
f 319/319/304 328/328/304 327/327/304 320/320/304
f 318/318/305 329/329/305 328/328/305 319/319/305
f 317/317/306 330/330/306 329/329/306 318/318/306
f 316/316/307 331/331/307 330/330/307 317/317/307
f 315/315/308 332/332/308 331/331/308 316/316/308
f 314/314/309 333/333/309 332/332/309 315/315/309
f 313/313/310 334/334/310 333/333/310 314/314/310
f 312/312/311 335/335/311 334/334/311 313/313/311
f 311/311/312 336/336/312 335/335/312 312/312/312
f 310/310/313 337/337/313 336/336/313 311/311/313
f 337/337/314 338/338/314 339/339/314 336/336/314
f 336/336/315 339/339/315 340/340/315 335/335/315
f 335/335/316 340/340/316 341/341/316 334/334/316
f 334/334/317 341/341/317 342/342/317 333/333/317
f 333/333/318 342/342/318 343/343/318 332/332/318
f 332/332/319 343/343/319 344/344/319 331/331/319
f 331/331/320 344/344/320 345/345/320 330/330/320
f 330/330/321 345/345/321 346/346/321 329/329/321
f 329/329/322 346/346/322 347/347/322 328/328/322
f 328/328/323 347/347/323 348/348/323 327/327/323
f 327/327/324 348/348/324 349/349/324 326/326/324
f 326/326/325 349/349/325 350/350/325 325/325/325
f 325/325/326 350/350/326 351/351/326 324/324/326
f 324/324/327 351/351/327 23/23/327 22/22/327
f 351/351/328 352/352/328 24/24/328 23/23/328
f 350/350/329 353/353/329 352/352/329 351/351/329
f 349/349/330 354/354/330 353/353/330 350/350/330
f 348/348/331 355/355/331 354/354/331 349/349/331
f 347/347/332 356/356/332 355/355/332 348/348/332
f 346/346/333 357/357/333 356/356/333 347/347/333
f 345/345/334 358/358/334 357/357/334 346/346/334
f 344/344/335 359/359/335 358/358/335 345/345/335
f 343/343/336 360/360/336 359/359/336 344/344/336
f 342/342/337 361/361/337 360/360/337 343/343/337
f 341/341/338 362/362/338 361/361/338 342/342/338
f 340/340/339 363/363/339 362/362/339 341/341/339
f 339/339/340 364/364/340 363/363/340 340/340/340
f 338/338/341 365/365/341 364/364/341 339/339/341
f 365/365/342 366/366/342 367/367/342 364/364/342
f 364/364/343 367/367/343 368/368/343 363/363/343
f 363/363/344 368/368/344 369/369/344 362/362/344
f 362/362/345 369/369/345 370/370/345 361/361/345
f 361/361/346 370/370/346 371/371/346 360/360/346
f 360/360/347 371/371/347 372/372/347 359/359/347
f 359/359/348 372/372/348 373/373/348 358/358/348
f 358/358/349 373/373/349 374/374/349 357/357/349
f 357/357/350 374/374/350 375/375/350 356/356/350
f 356/356/351 375/375/351 376/376/351 355/355/351
f 355/355/352 376/376/352 377/377/352 354/354/352
f 354/354/353 377/377/353 378/378/353 353/353/353
f 353/353/354 378/378/354 379/379/354 352/352/354
f 352/352/355 379/379/355 25/25/355 24/24/355
f 379/379/356 380/380/356 26/26/356 25/25/356
f 378/378/357 381/381/357 380/380/357 379/379/357
f 377/377/358 382/382/358 381/381/358 378/378/358
f 376/376/359 383/383/359 382/382/359 377/377/359
f 375/375/360 384/384/360 383/383/360 376/376/360
f 374/374/361 385/385/361 384/384/361 375/375/361
f 373/373/362 386/386/362 385/385/362 374/374/362
f 372/372/363 387/387/363 386/386/363 373/373/363
f 371/371/364 388/388/364 387/387/364 372/372/364
f 370/370/365 389/389/365 388/388/365 371/371/365
f 369/369/366 390/390/366 389/389/366 370/370/366
f 368/368/367 391/391/367 390/390/367 369/369/367
f 367/367/368 392/392/368 391/391/368 368/368/368
f 366/366/369 393/393/369 392/392/369 367/367/369
f 393/393/370 394/394/370 395/395/370 392/392/370
f 392/392/371 395/395/371 396/396/371 391/391/371
f 391/391/372 396/396/372 397/397/372 390/390/372
f 390/390/373 397/397/373 398/398/373 389/389/373
f 389/389/374 398/398/374 399/399/374 388/388/374
f 388/388/375 399/399/375 400/400/375 387/387/375
f 387/387/376 400/400/376 401/401/376 386/386/376
f 386/386/377 401/401/377 402/402/377 385/385/377
f 385/385/378 402/402/378 403/403/378 384/384/378
f 384/384/379 403/403/379 404/404/379 383/383/379
f 383/383/380 404/404/380 405/405/380 382/382/380
f 382/382/381 405/405/381 406/406/381 381/381/381
f 381/381/382 406/406/382 407/407/382 380/380/382
f 380/380/383 407/407/383 27/27/383 26/26/383
f 407/407/384 408/408/384 28/28/384 27/27/384
f 406/406/385 409/409/385 408/408/385 407/407/385
f 405/405/386 410/410/386 409/409/386 406/406/386
f 404/404/387 411/411/387 410/410/387 405/405/387
f 403/403/388 412/412/388 411/411/388 404/404/388
f 402/402/389 413/413/389 412/412/389 403/403/389
f 401/401/390 414/414/390 413/413/390 402/402/390
f 400/400/391 415/415/391 414/414/391 401/401/391
f 399/399/392 416/416/392 415/415/392 400/400/392
f 398/398/393 417/417/393 416/416/393 399/399/393
f 397/397/394 418/418/394 417/417/394 398/398/394
f 396/396/395 419/419/395 418/418/395 397/397/395
f 395/395/396 420/420/396 419/419/396 396/396/396
f 394/394/397 421/421/397 420/420/397 395/395/397
f 421/421/398 422/422/398 423/423/398 420/420/398
f 420/420/399 423/423/399 424/424/399 419/419/399
f 419/419/400 424/424/400 425/425/400 418/418/400
f 418/418/401 425/425/401 426/426/401 417/417/401
f 417/417/402 426/426/402 427/427/402 416/416/402
f 416/416/403 427/427/403 428/428/403 415/415/403
f 415/415/404 428/428/404 429/429/404 414/414/404
f 414/414/405 429/429/405 430/430/405 413/413/405
f 413/413/406 430/430/406 431/431/406 412/412/406
f 412/412/407 431/431/407 432/432/407 411/411/407
f 411/411/408 432/432/408 433/433/408 410/410/408
f 410/410/409 433/433/409 434/434/409 409/409/409
f 409/409/410 434/434/410 435/435/410 408/408/410
f 408/408/411 435/435/411 29/29/411 28/28/411
f 435/435/412 436/436/412 30/30/412 29/29/412
f 434/434/413 437/437/413 436/436/413 435/435/413
f 433/433/414 438/438/414 437/437/414 434/434/414
f 432/432/415 439/439/415 438/438/415 433/433/415
f 431/431/416 440/440/416 439/439/416 432/432/416
f 430/430/417 441/441/417 440/440/417 431/431/417
f 429/429/418 442/442/418 441/441/418 430/430/418
f 428/428/419 443/443/419 442/442/419 429/429/419
f 427/427/420 444/444/420 443/443/420 428/428/420
f 426/426/421 445/445/421 444/444/421 427/427/421
f 425/425/422 446/446/422 445/445/422 426/426/422
f 424/424/423 447/447/423 446/446/423 425/425/423
f 423/423/424 448/448/424 447/447/424 424/424/424
f 422/422/425 449/449/425 448/448/425 423/423/425
f 449/449/426 450/450/426 451/451/426 448/448/426
f 448/448/427 451/451/427 452/452/427 447/447/427
f 447/447/428 452/452/428 453/453/428 446/446/428
f 446/446/429 453/453/429 454/454/429 445/445/429
f 445/445/430 454/454/430 455/455/430 444/444/430
f 444/444/431 455/455/431 456/456/431 443/443/431
f 443/443/432 456/456/432 457/457/432 442/442/432
f 442/442/433 457/457/433 458/458/433 441/441/433
f 441/441/434 458/458/434 459/459/434 440/440/434
f 440/440/435 459/459/435 460/460/435 439/439/435
f 439/439/436 460/460/436 461/461/436 438/438/436
f 438/438/437 461/461/437 462/462/437 437/437/437
f 437/437/438 462/462/438 463/463/438 436/436/438
f 436/436/439 463/463/439 31/31/439 30/30/439
f 463/463/440 464/464/440 32/32/440 31/31/440
f 462/462/441 465/465/441 464/464/441 463/463/441
f 461/461/442 466/466/442 465/465/442 462/462/442
f 460/460/443 467/467/443 466/466/443 461/461/443
f 459/459/444 468/468/444 467/467/444 460/460/444
f 458/458/445 469/469/445 468/468/445 459/459/445
f 457/457/446 470/470/446 469/469/446 458/458/446
f 456/456/447 471/471/447 470/470/447 457/457/447
f 455/455/448 472/472/448 471/471/448 456/456/448
f 454/454/449 473/473/449 472/472/449 455/455/449
f 453/453/450 474/474/450 473/473/450 454/454/450
f 452/452/451 475/475/451 474/474/451 453/453/451
f 451/451/452 476/476/452 475/475/452 452/452/452
f 450/450/453 477/477/453 476/476/453 451/451/453
f 477/477/454 478/478/454 479/479/454 476/476/454
f 476/476/455 479/479/455 480/480/455 475/475/455
f 475/475/456 480/480/456 481/481/456 474/474/456
f 474/474/457 481/481/457 482/482/457 473/473/457
f 473/473/458 482/482/458 483/483/458 472/472/458
f 472/472/459 483/483/459 484/484/459 471/471/459
f 471/471/460 484/484/460 485/485/460 470/470/460
f 470/470/461 485/485/461 486/486/461 469/469/461
f 469/469/462 486/486/462 487/487/462 468/468/462
f 468/468/463 487/487/463 488/488/463 467/467/463
f 467/467/464 488/488/464 489/489/464 466/466/464
f 466/466/465 489/489/465 490/490/465 465/465/465
f 465/465/466 490/490/466 491/491/466 464/464/466
f 464/464/467 491/491/467 33/33/467 32/32/467
f 491/491/468 71/71/468 3/3/468 33/33/468
f 490/490/469 69/69/469 71/71/469 491/491/469
f 489/489/470 67/67/470 69/69/470 490/490/470
f 488/488/471 65/65/471 67/67/471 489/489/471
f 487/487/472 63/63/472 65/65/472 488/488/472
f 486/486/473 61/61/473 63/63/473 487/487/473
f 485/485/474 59/59/474 61/61/474 486/486/474
f 484/484/475 57/57/475 59/59/475 485/485/475
f 483/483/476 55/55/476 57/57/476 484/484/476
f 482/482/477 53/53/477 55/55/477 483/483/477
f 481/481/478 51/51/478 53/53/478 482/482/478
f 480/480/479 49/49/479 51/51/479 481/481/479
f 479/479/480 47/47/480 49/49/480 480/480/480
f 478/478/481 44/44/481 47/47/481 479/479/481
f 492/492/482 45/45/482 44/44/482 493/493/482
f 494/494/483 85/85/483 45/45/483 492/492/483
f 495/495/484 86/86/484 85/85/484 494/494/484
f 496/496/485 113/113/485 86/86/485 495/495/485
f 497/497/486 114/114/486 113/113/486 496/496/486
f 498/498/487 141/141/487 114/114/487 497/497/487
f 499/499/488 142/142/488 141/141/488 498/498/488
f 500/500/489 169/169/489 142/142/489 499/499/489
f 501/501/490 170/170/490 169/169/490 500/500/490
f 502/502/491 197/197/491 170/170/491 501/501/491
f 503/503/492 198/198/492 197/197/492 502/502/492
f 504/504/493 225/225/493 198/198/493 503/503/493
f 505/505/494 226/226/494 225/225/494 504/504/494
f 506/506/495 253/253/495 226/226/495 505/505/495
f 507/507/496 254/254/496 253/253/496 506/506/496
f 508/508/497 281/281/497 254/254/497 507/507/497
f 509/509/498 282/282/498 281/281/498 508/508/498
f 510/510/499 309/309/499 282/282/499 509/509/499
f 511/511/500 310/310/500 309/309/500 510/510/500
f 512/512/501 337/337/501 310/310/501 511/511/501
f 513/513/502 338/338/502 337/337/502 512/512/502
f 514/514/503 365/365/503 338/338/503 513/513/503
f 515/515/504 366/366/504 365/365/504 514/514/504
f 516/516/505 393/393/505 366/366/505 515/515/505
f 517/517/506 394/394/506 393/393/506 516/516/506
f 518/518/507 421/421/507 394/394/507 517/517/507
f 519/519/508 422/422/508 421/421/508 518/518/508
f 520/520/509 449/449/509 422/422/509 519/519/509
f 521/521/510 450/450/510 449/449/510 520/520/510
f 522/522/511 477/477/511 450/450/511 521/521/511
f 523/523/512 478/478/512 477/477/512 522/522/512
f 493/493/513 44/44/513 478/478/513 523/523/513
f 493/493/514 523/523/514 524/524/514 525/525/514
f 523/523/15 522/522/15 526/526/15 524/524/15
f 522/522/14 521/521/14 527/527/14 526/526/14
f 521/521/515 520/520/515 528/528/515 527/527/515
f 520/520/12 519/519/12 529/529/12 528/528/12
f 519/519/11 518/518/11 530/530/11 529/529/11
f 518/518/516 517/517/516 531/531/516 530/530/516
f 517/517/517 516/516/517 532/532/517 531/531/517
f 516/516/518 515/515/518 533/533/518 532/532/518
f 515/515/519 514/514/519 534/534/519 533/533/519
f 514/514/520 513/513/520 535/535/520 534/534/520
f 513/513/521 512/512/521 536/536/521 535/535/521
f 512/512/4 511/511/4 537/537/4 536/536/4
f 511/511/522 510/510/522 538/538/522 537/537/522
f 510/510/523 509/509/523 539/539/523 538/538/523
f 509/509/524 508/508/524 540/540/524 539/539/524
f 508/508/525 507/507/525 541/541/525 540/540/525
f 507/507/526 506/506/526 542/542/526 541/541/526
f 506/506/527 505/505/527 543/543/527 542/542/527
f 505/505/528 504/504/528 544/544/528 543/543/528
f 504/504/529 503/503/529 545/545/529 544/544/529
f 503/503/530 502/502/530 546/546/530 545/545/530
f 502/502/531 501/501/531 547/547/531 546/546/531
f 501/501/532 500/500/532 548/548/532 547/547/532
f 500/500/533 499/499/533 549/549/533 548/548/533
f 499/499/534 498/498/534 550/550/534 549/549/534
f 498/498/535 497/497/535 551/551/535 550/550/535
f 497/497/536 496/496/536 552/552/536 551/551/536
f 496/496/537 495/495/537 553/553/537 552/552/537
f 495/495/538 494/494/538 554/554/538 553/553/538
f 494/494/539 492/492/539 555/555/539 554/554/539
f 492/492/540 493/493/540 525/525/540 555/555/540
f 556/556/541 525/525/541 524/524/541 557/557/541
f 557/557/542 524/524/542 526/526/542 558/558/542
f 558/558/511 526/526/511 527/527/511 559/559/511
f 559/559/510 527/527/510 528/528/510 560/560/510
f 560/560/543 528/528/543 529/529/543 561/561/543
f 561/561/544 529/529/544 530/530/544 562/562/544
f 562/562/545 530/530/545 531/531/545 563/563/545
f 563/563/546 531/531/546 532/532/546 564/564/546
f 564/564/547 532/532/547 533/533/547 565/565/547
f 565/565/548 533/533/548 534/534/548 566/566/548
f 566/566/549 534/534/549 535/535/549 567/567/549
f 567/567/550 535/535/550 536/536/550 568/568/550
f 568/568/501 536/536/501 537/537/501 569/569/501
f 569/569/500 537/537/500 538/538/500 570/570/500
f 570/570/551 538/538/551 539/539/551 571/571/551
f 571/571/552 539/539/552 540/540/552 572/572/552
f 572/572/553 540/540/553 541/541/553 573/573/553
f 573/573/496 541/541/496 542/542/496 574/574/496
f 574/574/495 542/542/495 543/543/495 575/575/495
f 575/575/554 543/543/554 544/544/554 576/576/554
f 576/576/493 544/544/493 545/545/493 577/577/493
f 577/577/492 545/545/492 546/546/492 578/578/492
f 578/578/491 546/546/491 547/547/491 579/579/491
f 579/579/555 547/547/555 548/548/555 580/580/555
f 580/580/556 548/548/556 549/549/556 581/581/556
f 581/581/488 549/549/488 550/550/488 582/582/488
f 582/582/557 550/550/557 551/551/557 583/583/557
f 583/583/558 551/551/558 552/552/558 584/584/558
f 584/584/559 552/552/559 553/553/559 585/585/559
f 585/585/560 553/553/560 554/554/560 586/586/560
f 586/586/561 554/554/561 555/555/561 587/587/561
f 587/587/562 555/555/562 525/525/562 556/556/562
f 36/588/563 35/589/563 587/587/563 556/556/563
f 588/590/564 36/588/564 556/556/564 557/557/564
f 40/591/565 588/590/565 557/557/565 558/558/565
f 589/592/566 40/591/566 558/558/566 559/559/566
f 590/593/567 589/592/567 559/559/567 560/560/567
f 591/594/568 590/593/568 560/560/568 561/561/568
f 592/595/569 591/594/569 561/561/569 562/562/569
f 593/596/570 592/595/570 562/562/570 563/563/570
f 593/597/33 594/598/33 591/599/33 592/600/33
f 594/601/571 593/596/571 563/563/571 564/564/571
f 594/598/33 39/39/33 590/602/33 591/599/33
f 39/603/572 594/601/572 564/564/572 565/565/572
f 589/604/33 590/602/33 39/39/33 40/40/33
f 37/605/573 39/603/573 565/565/573 566/566/573
f 588/606/33 40/40/33 37/37/33 36/36/33
f 38/607/574 37/605/574 566/566/574 567/567/574
f 595/608/575 38/607/575 567/567/575 568/568/575
f 596/609/576 595/608/576 568/568/576 569/569/576
f 597/610/577 596/609/577 569/569/577 570/570/577
f 598/611/578 597/610/578 570/570/578 571/571/578
f 598/612/33 599/613/33 596/614/33 597/615/33
f 599/616/579 598/611/579 571/571/579 572/572/579
f 600/617/580 599/616/580 572/572/580 573/573/580
f 43/618/581 600/617/581 573/573/581 574/574/581
f 601/619/582 43/618/582 574/574/582 575/575/582
f 602/620/583 601/619/583 575/575/583 576/576/583
f 603/621/584 602/620/584 576/576/584 577/577/584
f 604/622/585 603/621/585 577/577/585 578/578/585
f 605/623/586 604/622/586 578/578/586 579/579/586
f 605/624/33 606/625/33 603/626/33 604/627/33
f 606/628/587 605/623/587 579/579/587 580/580/587
f 606/625/33 41/41/33 602/629/33 603/626/33
f 41/630/588 606/628/588 580/580/588 581/581/588
f 601/631/33 602/629/33 41/41/33 43/43/33
f 42/632/589 41/630/589 581/581/589 582/582/589
f 600/633/33 43/43/33 42/42/33 599/613/33
f 607/634/590 42/632/590 582/582/590 583/583/590
f 599/613/33 42/42/33 607/635/33 596/614/33
f 608/636/591 607/634/591 583/583/591 584/584/591
f 609/637/592 608/636/592 584/584/592 585/585/592
f 609/638/33 34/34/33 36/36/33 38/38/33
f 34/639/593 609/637/593 585/585/593 586/586/593
f 35/589/594 34/639/594 586/586/594 587/587/594
f 608/640/33 595/641/33 596/614/33 607/635/33
f 595/641/33 608/640/33 609/638/33 38/38/33
f 607/642/595 42/642/595 616/643/595 617/644/595
f 606/645/595 41/646/595 618/647/595 619/648/595
f 592/649/595 591/649/595 620/650/595 621/651/595
f 39/652/595 37/653/595 622/654/595 623/655/595
f 40/656/595 588/656/595 625/657/595 624/658/595
f 589/657/595 40/657/595 624/659/595 626/660/595
f 43/661/595 600/661/595 628/662/595 627/663/595
f 593/664/595 594/665/595 630/666/595 629/667/595
f 609/668/595 608/668/595 631/669/595 632/670/595
f 608/643/595 607/643/595 617/668/595 631/671/595
f 601/662/595 43/662/595 627/672/595 633/673/595
f 602/672/595 601/672/595 633/674/595 634/675/595
f 609/670/595 34/676/595 635/677/595 632/669/595
f 600/678/595 599/678/595 636/661/595 628/679/595
f 593/650/595 592/650/595 621/667/595 629/664/595
f 595/680/595 38/680/595 637/681/595 638/682/595
f 588/683/595 36/683/595 639/656/595 625/684/595
f 34/676/595 35/685/595 640/686/595 635/677/595
f 603/674/595 602/674/595 634/687/595 641/688/595
f 35/685/595 36/689/595 639/683/595 640/686/595
f 37/653/595 38/690/595 637/680/595 622/654/595
f 605/691/595 606/645/595 619/648/595 642/692/595
f 41/646/595 42/693/595 616/642/595 618/647/595
f 594/665/595 39/652/595 623/655/595 630/666/595
f 605/694/595 604/694/595 643/692/595 642/691/595
f 604/687/595 603/687/595 641/694/595 643/695/595
f 598/696/595 599/697/595 636/678/595 644/698/595
f 591/699/595 590/699/595 645/649/595 620/700/595
f 590/659/595 589/659/595 626/699/595 645/701/595
f 597/702/595 596/702/595 646/703/595 647/704/595
f 598/703/595 597/703/595 647/698/595 644/696/595
f 596/681/595 595/681/595 638/702/595 646/705/595
f 610 611
f 611 612
f 612 613
f 613 614
